999000079	0	1630	1874	300	250	65	1
999000079	17	1615	1876	300	260	65	1
999000079	33	1630	1863	302	264	65	1
999000079	50	1620	1860	301	255	65	1
999000079	67	1621	1864	306	249	65	1
999000079	84	1621	1868	306	251	65	1
999000079	101	1620	1869	298	254	65	1
999000079	117	1623	1868	298	256	65	1
999000079	134	1620	1873	290	245	65	1
999000079	151	1621	1881	301	251	65	1
999000079	168	1628	1875	303	253	65	1
999000079	184	1629	1877	302	251	65	1
999000079	201	1622	1865	303	251	65	1
999000079	218	1619	1859	293	243	65	1
999000079	235	1440	1686	337	279	65	0
999000079	251	1289	1484	359	332	65	2
999000079	268	1291	1495	355	328	65	2
999000079	285	1286	1488	357	328	65	2
999000079	302	1291	1489	356	328	65	2
999000079	319	1279	1492	348	329	65	2
999000079	335	1280	1498	356	334	65	2
999000079	352	1282	1498	351	333	65	2
999000079	369	1290	1490	345	333	65	2
999000079	386	1284	1500	348	332	65	2
999000079	402	1295	1505	348	336	65	2
999000079	419	1292	1507	346	332	65	2
999000079	436	1287	1504	343	333	65	2
999000079	453	1286	1508	353	323	65	2
999000079	469	1303	1514	358	319	65	2
999000079	486	1319	1500	352	313	65	2
999000079	503	1303	1509	366	307	65	2
999000079	520	1301	1505	367	322	65	2
999000079	537	1301	1494	363	320	65	2
999000079	553	1307	1511	358	320	65	2
999000079	570	1290	1498	352	332	65	2
999000079	587	1283	1501	374	329	65	2
999000079	604	1288	1502	379	319	65	2
999000079	620	1283	1496	375	319	65	2
999000079	637	1276	1500	370	317	65	2
999000079	654	1271	1491	362	317	65	2
999000079	671	1280	1505	357	313	65	2
999000079	687	1285	1500	355	317	65	2
999000079	704	1287	1498	358	318	65	2
999000079	721	1278	1488	356	313	65	2
999000079	738	1503	1567	279	388	65	2
999000079	771	1284	1496	353	325	65	2
999000079	788	1288	1510	351	327	65	2
999000079	805	1289	1509	354	321	65	2
999000079	822	1298	1504	357	313	65	2
999000079	838	1303	1518	352	314	65	2
999000079	855	1306	1502	354	320	65	2
999000079	872	1299	1523	357	326	65	2
999000079	889	1303	1520	365	307	65	2
999000079	905	1301	1510	361	317	65	2
999000079	922	1293	1520	369	318	65	2
999000079	939	1299	1519	367	323	65	2
999000079	956	1295	1515	374	316	65	2
999000079	972	1296	1521	367	316	65	2
999000079	989	1299	1519	361	318	65	2
999000079	1006	1304	1523	359	328	65	2
999000079	1023	1313	1509	372	330	65	2
999000079	1040	1300	1505	358	329	65	2
999000079	1056	1294	1510	358	324	65	2
999000079	1073	1300	1515	351	315	65	2
999000079	1090	1272	1506	352	316	65	2
999000079	1107	1282	1506	357	314	65	2
999000079	1123	1284	1503	345	328	65	2
999000079	1140	1306	1490	359	327	65	2
999000079	1157	1279	1506	369	322	65	2
999000079	1174	1293	1517	364	319	65	2
999000079	1190	1300	1516	363	316	65	2
999000079	1207	1284	1501	360	315	65	2
999000079	1224	1284	1496	356	331	65	2
999000079	1241	1159	1372	459	401	65	0
999000079	1258	1019	1230	583	572	65	0
999000079	1274	1011	1192	640	662	65	3
999000079	1291	1007	1186	643	670	65	3
999000079	1308	997	1183	649	678	65	3
999000079	1325	1011	1174	644	669	65	3
999000079	1341	991	1166	649	675	65	3
999000079	1358	999	1173	663	668	65	3
999000079	1375	1012	1181	660	676	65	3
999000079	1392	1001	1171	677	679	65	3
999000079	1408	999	1171	683	674	65	3
999000079	1425	1006	1165	668	667	65	3
999000079	1442	1014	1188	658	684	65	3
999000079	1459	1016	1180	665	682	65	3
999000079	1476	1004	1194	670	680	65	3
999000079	1492	1002	1183	655	674	65	3
999000079	1509	1156	1332	559	596	65	0
999000079	1526	1347	1581	369	329	65	0
999000079	1543	1326	1579	388	342	65	4
999000079	1559	1337	1574	343	330	65	4
999000079	1576	1324	1562	374	330	65	4
999000079	1593	1328	1580	358	316	65	4
999000079	1610	1328	1576	367	346	65	4
999000079	1626	1341	1585	370	331	65	4
999000079	1643	1333	1580	349	328	65	4
999000079	1660	1330	1577	360	322	65	4
999000079	1677	1336	1581	362	325	65	4
999000079	1694	1330	1576	363	326	65	4
999000079	1710	1340	1581	356	329	65	4
999000079	1727	1335	1579	358	327	65	4
999000079	1744	1347	1581	347	323	65	4
999000079	1761	1343	1567	356	317	65	4
999000079	1777	1338	1573	371	323	65	4
999000079	1794	1337	1591	374	326	65	4
999000079	1811	1324	1576	371	331	65	4
999000079	1828	1323	1576	353	334	65	4
999000079	1844	1326	1573	364	340	65	4
999000079	1861	1334	1572	363	342	65	4
999000079	1878	1349	1571	366	345	65	4
999000079	1895	1338	1578	372	339	65	4
999000079	1911	1331	1593	370	338	65	4
999000079	1928	1317	1582	357	332	65	4
999000079	1945	1321	1578	356	330	65	4
999000079	1962	1328	1581	363	329	65	4
999000079	1978	1338	1582	369	322	65	4
999000079	1995	1346	1584	372	330	65	4
999000079	2012	1346	1571	364	331	65	4
999000079	2029	1328	1576	373	336	65	4
999000079	2046	1322	1581	380	326	65	4
999000079	2062	1347	1569	369	325	65	0
999000079	2079	1344	1581	365	335	65	0
999000079	2096	1283	1579	383	208	65	0
999000079	2113	990	0	348	1440	65	0
999000079	2129	0	0	1440	1440	65	0
999000079	2146	0	0	1440	1440	65	0
999000079	2163	0	0	1440	1440	65	0
999000079	2180	0	0	1440	1440	65	0
999000079	2197	0	0	1440	1440	65	0
999000079	2213	0	0	1440	1440	65	0
999000079	2230	525	0	849	1440	65	0
999000079	2247	784	1012	978	745	65	0
999000079	2264	782	1008	1088	1092	65	0
999000079	2281	803	1004	1105	1127	65	5
999000079	2297	796	1015	1116	1140	65	5
999000079	2314	786	994	1119	1140	65	5
999000079	2331	799	1000	1116	1153	65	5
999000079	2348	805	996	1115	1136	65	5
999000079	2364	791	986	1113	1155	65	5
999000079	2381	799	998	1101	1164	65	5
999000079	2398	788	982	1108	1149	65	5
999000079	2414	792	993	1120	1147	65	5
999000079	2431	824	1023	1210	1243	65	0
999000079	2448	853	1049	1268	1355	65	6
999000079	2465	864	1049	1272	1338	65	6
999000079	2481	861	1060	1271	1329	65	6
999000079	2498	857	1063	1289	1328	65	6
999000079	2515	866	1058	1279	1314	65	6
999000079	2532	872	1061	1270	1317	65	6
999000079	2549	876	1052	1278	1331	65	6
999000079	2565	872	1050	1281	1330	65	6
999000079	2582	871	1041	1274	1333	65	6
999000079	2599	864	1044	1274	1328	65	6
999000079	2616	868	1054	1285	1332	65	6
999000079	2632	880	1042	1277	1343	65	6
999000079	2649	888	1039	1278	1325	65	6
999000079	2666	880	1048	1287	1336	65	6
999000079	2683	875	1047	1269	1336	65	6
999000079	2699	871	1041	1278	1328	65	6
999000079	2716	878	1038	1276	1325	65	6
999000079	2733	881	1052	1283	1336	65	6
999000079	2750	883	1057	1284	1340	65	6
999000079	2766	882	1037	1276	1348	65	6
999000079	2783	890	1045	1268	1331	65	6
999000079	2800	892	1032	1260	1340	65	6
999000079	2817	885	1034	1278	1326	65	6
999000079	2834	879	1033	1274	1338	65	6
999000079	2850	889	1035	1278	1339	65	6
999000079	2867	887	1023	1274	1346	65	6
999000079	2884	877	1039	1279	1351	65	6
999000079	2901	909	1033	1266	1346	65	6
999000079	2917	898	1029	1281	1335	65	6
999000079	2934	897	1034	1278	1322	65	6
999000079	2951	888	1029	1278	1326	65	6
999000079	2968	890	1035	1279	1325	65	6
999000079	2985	890	1034	1288	1325	65	6
999000079	3001	888	1032	1281	1316	65	6
999000079	3018	901	1024	1278	1325	65	6
999000079	3035	895	1026	1280	1326	65	6
999000079	3052	889	1024	1275	1331	65	6
999000079	3068	891	1025	1279	1338	65	6
999000079	3085	885	1026	1278	1321	65	6
999000079	3102	878	1017	1294	1330	65	6
999000079	3119	875	1005	1287	1333	65	6
999000079	3135	885	1021	1288	1329	65	6
999000079	3152	889	1012	1274	1338	65	6
999000079	3169	893	1010	1278	1346	65	6
999000079	3186	1016	1146	1138	1201	65	0
999000079	3202	1345	1498	696	725	65	0
999000079	3219	1318	1507	538	515	65	0
999000079	3236	1329	1507	576	549	65	7
999000079	3253	1324	1514	574	538	65	7
999000079	3270	1325	1510	579	536	65	7
999000079	3286	1336	1488	567	553	65	7
999000079	3303	1334	1505	580	551	65	7
999000079	3320	1322	1500	577	547	65	7
999000079	3337	1330	1485	574	544	65	7
999000079	3353	1329	1485	573	539	65	7
999000079	3370	1326	1482	575	535	65	7
999000079	3387	1307	1463	726	705	65	0
999000079	3404	1326	1451	784	783	65	8
999000079	3421	1308	1429	780	767	65	8
999000079	3437	1314	1441	781	783	65	8
999000079	3454	1334	1440	787	782	65	8
999000079	3471	1332	1425	783	779	65	8
999000079	3488	1312	1430	792	790	65	8
999000079	3504	1301	1427	789	767	65	8
999000079	3521	1308	1437	798	776	65	8
999000079	3538	1317	1447	786	785	65	8
999000079	3555	1322	1444	787	781	65	8
999000079	3572	1319	1438	783	781	65	8
999000079	3588	1328	1429	783	769	65	8
999000079	3605	1331	1431	789	778	65	8
999000079	3622	1325	1435	779	773	65	8
999000079	3638	1316	1456	778	782	65	8
999000079	3655	1313	1458	783	787	65	8
999000079	3672	1320	1448	778	782	65	8
999000079	3689	1323	1446	774	779	65	8
999000079	3706	1319	1454	766	776	65	8
999000079	3722	1319	1443	759	775	65	8
999000079	3739	1309	1439	767	759	65	8
999000079	3756	1304	1453	772	762	65	8
999000079	3773	1311	1448	775	763	65	8
999000079	3789	1311	1453	766	778	65	8
999000079	3806	1317	1454	770	781	65	8
999000079	3823	1311	1445	780	772	65	8
999000079	3840	1320	1464	769	774	65	8
999000079	3857	1309	1467	763	784	65	8
999000079	3873	1307	1454	764	777	65	8
999000079	3890	1300	1450	762	760	65	8
999000079	3907	1305	1459	770	763	65	8
999000079	3924	1305	1455	769	757	65	8
999000079	3940	1305	1463	762	783	65	8
999000079	3957	1313	1472	778	767	65	8
999000079	3974	1315	1457	772	768	65	8
999000079	3991	1307	1452	784	767	65	8
999000079	4007	1306	1472	765	779	65	9
999000079	4024	1306	1459	759	777	65	9
999000079	4041	1293	1473	762	777	65	9
999000079	4058	1307	1468	760	760	65	9
999000079	4075	1302	1478	764	762	65	9
999000079	4091	1302	1477	768	768	65	9
999000079	4108	1311	1469	764	761	65	9
999000079	4125	1299	1480	766	769	65	9
999000079	4142	1317	1474	767	770	65	9
999000079	4158	1302	1481	774	785	65	9
999000079	4175	1307	1477	778	778	65	9
999000079	4192	1296	1475	770	774	65	9
999000079	4209	1311	1481	772	777	65	9
999000079	4225	1305	1475	773	788	65	9
999000079	4242	1295	1470	772	782	65	9
999000079	4259	1304	1483	780	775	65	9
999000079	4276	1300	1477	781	771	65	9
999000079	4293	1297	1481	787	774	65	9
999000079	4309	1294	1468	788	772	65	9
999000079	4326	1306	1478	780	774	65	9
999000079	4343	1303	1480	781	790	65	9
999000079	4360	1306	1482	789	785	65	9
999000079	4376	1399	1605	774	761	65	0
999000079	4393	1355	1533	750	742	65	10
999000079	4410	1369	1548	743	740	65	10
999000079	4427	1360	1542	751	747	65	10
999000079	4443	1370	1550	740	733	65	10
999000079	4460	1373	1540	730	731	65	10
999000079	4477	1380	1537	738	739	65	10
999000079	4494	1366	1545	739	741	65	10
999000079	4511	1382	1541	741	733	65	10
999000079	4527	1392	1547	743	741	65	10
999000079	4544	1365	1538	759	741	65	10
999000079	4561	1380	1543	748	742	65	10
999000079	4578	1391	1550	746	744	65	10
999000079	4594	1398	1549	744	739	65	10
999000079	4611	1385	1542	739	746	65	10
999000079	4628	1377	1536	743	750	65	10
999000079	4645	1496	1693	736	727	65	0
999000079	4661	1673	1905	695	664	65	0
999000079	4678	1751	2014	616	569	65	11
999000079	4695	1746	2011	633	586	65	11
999000079	4712	1773	2019	636	587	65	11
999000079	4728	1759	2021	641	583	65	11
999000079	4745	1764	2035	647	591	65	11
999000079	4762	1752	2021	653	589	65	11
999000079	4779	1770	2014	653	583	65	11
999000079	4796	1773	2009	648	588	65	11
999000079	4812	1781	2014	647	581	65	11
999000079	4829	1619	1898	682	623	65	0
999000079	4846	1362	1580	712	699	65	12
999000079	4863	1353	1556	704	704	65	12
999000079	4879	1346	1539	717	707	65	12
999000079	4896	1345	1545	719	711	65	12
999000079	4913	1347	1555	725	715	65	12
999000079	4930	1360	1544	720	713	65	12
999000079	4946	1373	1540	717	711	65	12
999000079	4963	1381	1538	717	712	65	12
999000079	4980	1373	1549	719	709	65	12
999000079	4997	1364	1535	708	703	65	12
999000079	5014	1361	1560	706	720	65	12
999000079	5030	1358	1586	704	543	65	0
999000079	5047	0	0	1440	1440	65	0
999000079	5064	0	0	1440	1440	65	0
999000079	5081	0	0	1440	1440	65	0
999000079	5097	0	0	1440	1440	65	0
999000079	5114	0	0	1440	1440	65	0
999000079	5131	0	0	1440	1440	65	0
999000079	5148	0	0	1440	1440	65	0
999000079	5165	0	0	1440	1440	65	0
999000079	5181	0	0	1440	1440	65	0
999000079	5198	829	0	-667	1440	65	0
999000079	5215	1410	1970	586	-124	65	0
999000079	5232	1344	1877	595	375	65	0
999000079	5249	1335	1568	724	654	65	0
999000079	5265	1349	1520	724	747	65	13
999000079	5282	1352	1527	745	751	65	13
999000079	5299	1342	1507	745	758	65	13
999000079	5315	1353	1503	745	752	65	13
999000079	5332	1342	1499	744	745	65	13
999000079	5349	1345	1498	739	754	65	13
999000079	5366	1350	1506	745	754	65	13
999000079	5382	1348	1508	747	746	65	13
999000079	5399	1356	1496	745	755	65	13
999000079	5416	1359	1504	751	749	65	13
999000079	5433	1365	1479	746	746	65	13
999000079	5450	1355	1493	748	752	65	13
999000079	5466	1339	1503	739	762	65	13
999000079	5483	1338	1497	744	754	65	13
999000079	5500	1338	1481	745	756	65	13
999000079	5517	1343	1488	747	760	65	13
999000079	5533	1341	1495	747	745	65	13
999000079	5550	1348	1486	750	748	65	13
999000079	5567	1347	1493	761	741	65	13
999000079	5584	1356	1504	747	724	65	13
999000079	5600	1357	1505	752	723	65	13
999000079	5617	1345	1494	749	713	65	13
999000079	5634	1342	1508	751	716	65	13
999000079	5651	1347	1511	745	721	65	13
999000079	5667	1335	1506	744	715	65	13
999000079	5684	1333	1512	742	723	65	13
999000079	5701	1335	1505	742	715	65	13
999000079	5718	1334	1507	738	709	65	13
999000079	5735	1337	1517	743	719	65	13
999000079	5751	1347	1503	739	709	65	13
999000079	5768	1362	1502	743	699	65	13
999000079	5785	1354	1513	753	712	65	13
999000079	5802	1359	1509	742	703	65	13
999000079	5818	1344	1505	749	720	65	13
999000079	5835	1353	1509	754	715	65	13
999000079	5852	1350	1525	755	709	65	13
999000079	5869	1348	1508	737	709	65	13
999000079	5886	1336	1512	749	717	65	13
999000079	5902	1339	1513	740	720	65	13
999000079	5919	1342	1524	746	727	65	13
999000079	5936	1159	1378	590	576	65	0
999000079	5953	906	1050	233	225	65	0
999000079	5969	860	989	96	59	65	14
999000079	5986	854	982	107	70	65	14
999000079	6003	852	987	99	74	65	14
999000079	6020	850	984	108	79	65	14
999000079	6036	843	983	110	76	65	14
999000079	6053	857	985	111	84	65	14
999000079	6070	858	969	115	87	65	14
999000079	6087	856	950	116	89	65	14
999000079	6103	846	957	118	88	65	14
999000079	6120	842	952	121	81	65	14
999000079	6137	841	961	125	80	65	14
999000079	6154	847	963	123	90	65	14
999000079	6171	833	955	120	86	65	14
999000079	6187	836	970	122	91	65	14
999000079	6204	850	974	122	88	65	14
999000079	6221	837	981	120	99	65	14
999000079	6238	835	970	126	102	65	14
999000079	6254	843	975	124	82	65	14
999000079	6271	846	987	122	87	65	14
999000079	6288	850	977	128	87	65	14
999000079	6305	858	984	144	90	65	14
999000079	6321	1020	1227	576	540	65	0
999000079	6338	1140	1314	924	887	65	0
999000079	6355	1254	1423	1040	1025	65	15
999000079	6372	1262	1421	1029	1013	65	15
999000079	6388	1266	1431	1036	1012	65	15
999000079	6405	1267	1426	1037	1004	65	15
999000079	6422	1267	1427	1042	1006	65	15
999000079	6439	1259	1422	1043	1010	65	15
999000079	6456	1255	1421	1036	1004	65	15
999000079	6472	1266	1411	1046	1000	65	15
999000079	6489	1262	1416	1050	996	65	15
999000079	6506	1310	1460	1159	1125	65	0
999000079	6523	1298	1473	1193	1164	65	16
999000079	6539	1300	1465	1171	1159	65	16
999000079	6556	1302	1468	1190	1159	65	16
999000079	6573	1311	1457	1196	1150	65	16
999000079	6590	1316	1462	1199	1160	65	16
999000079	6606	1316	1457	1192	1168	65	16
999000079	6623	1311	1463	1198	1158	65	16
999000079	6640	1315	1468	1183	1153	65	16
999000079	6657	1315	1468	1191	1154	65	16
999000079	6673	1311	1469	1184	1159	65	16
999000079	6690	1302	1465	1198	1153	65	16
999000079	6707	1308	1457	1199	1154	65	16
999000079	6724	1309	1467	1176	1153	65	16
999000079	6741	1324	1467	1178	1164	65	16
999000079	6757	1336	1461	1174	1150	65	16
999000079	6774	1336	1465	1169	1165	65	16
999000079	6791	1319	1462	1187	1147	65	16
999000079	6808	1318	1459	1172	1159	65	16
999000079	6824	1324	1476	1183	1171	65	16
999000079	6841	1328	1468	1193	1166	65	16
999000079	6858	1329	1465	1190	1164	65	16
999000079	6875	1342	1466	1182	1175	65	16
999000079	6892	1340	1468	1176	1176	65	16
999000079	6908	1338	1466	1157	1198	65	16
999000079	6925	1333	1453	1167	1174	65	16
999000079	6942	1349	1464	1182	1178	65	16
999000079	6959	1339	1466	1179	1173	65	16
999000079	6975	1343	1470	1184	1181	65	16
999000079	6992	1344	1461	1193	1171	65	16
999000079	7009	1325	1460	1200	1180	65	16
999000079	7026	1061	1224	1264	1311	65	0
999000079	7042	993	1123	1327	1374	65	17
999000079	7059	998	1120	1317	1358	65	17
999000079	7076	1000	1107	1311	1374	65	17
999000079	7093	1001	1099	1310	1363	65	17
999000079	7109	985	1097	1305	1361	65	17
999000079	7126	988	1105	1307	1363	65	17
999000079	7143	974	1100	1303	1352	65	17
999000079	7160	982	1107	1299	1345	65	17
999000079	7177	984	1114	1309	1364	65	17
999000079	7193	985	1102	1319	1354	65	17
999000079	7210	990	1105	1314	1337	65	17
999000079	7227	992	1095	1304	1326	65	17
999000079	7244	991	1089	1301	1332	65	17
999000079	7260	988	1094	1293	1343	65	17
999000079	7277	995	1083	1295	1354	65	17
999000079	7294	992	1085	1291	1350	65	17
999000079	7311	999	1080	1294	1354	65	17
999000079	7328	755	877	1267	1323	65	0
999000079	7344	457	471	1239	1309	65	0
999000079	7361	367	362	1192	1274	65	18
999000079	7378	371	373	1195	1280	65	18
999000079	7395	376	374	1212	1269	65	18
999000079	7411	373	376	1217	1291	65	18
999000079	7428	374	374	1219	1279	65	18
999000079	7445	369	365	1232	1297	65	18
999000079	7462	360	360	1234	1291	65	18
999000079	7478	358	370	1226	1302	65	18
999000079	7495	365	363	1227	1299	65	18
999000079	7512	355	365	1233	1300	65	18
999000079	7529	375	372	1232	1302	65	18
999000079	7545	375	361	1219	1300	65	18
999000079	7562	363	371	1219	1309	65	18
999000079	7579	357	374	1223	1305	65	18
999000079	7596	371	374	1216	1311	65	18
999000079	7613	473	476	1222	1295	65	0
999000079	7629	1152	1064	1218	1222	65	0
999000079	7646	1195	1296	1140	1189	65	19
999000079	7663	1166	1275	1155	1188	65	19
999000079	7680	1178	1295	1158	1181	65	19
999000079	7696	1180	1292	1149	1191	65	19
999000079	7713	1174	1297	1148	1192	65	19
999000079	7730	1189	1292	1146	1190	65	19
999000079	7747	1193	1296	1146	1192	65	19
999000079	7763	1194	1305	1154	1201	65	19
999000079	7780	1187	1303	1160	1195	65	19
999000079	7797	1192	1300	1156	1205	65	19
999000079	7814	1185	1293	1155	1189	65	19
999000079	7830	1184	1290	1168	1195	65	19
999000079	7847	1190	1314	1170	1210	65	19
999000079	7864	1187	1299	1172	1207	65	19
999000079	7881	1188	1301	1170	1211	65	19
999000079	7898	1202	1327	1166	1208	65	19
999000079	7914	1372	1502	1151	1175	65	20
999000079	7931	1356	1472	1170	1188	65	20
999000079	7948	1371	1484	1170	1168	65	20
999000079	7965	1360	1491	1183	1174	65	20
999000079	7981	1354	1492	1192	1173	65	20
999000079	7998	1357	1482	1187	1170	65	20
999000079	8015	1357	1477	1186	1181	65	20
999000079	8032	1355	1480	1181	1180	65	20
999000079	8048	1360	1490	1188	1179	65	20
999000079	8065	1356	1491	1193	1178	65	20
999000079	8082	1361	1493	1184	1179	65	20
999000079	8099	1354	1494	1181	1184	65	20
999000079	8116	1352	1496	1181	1187	65	20
999000079	8132	1360	1492	1172	1184	65	20
999000079	8149	1344	1482	1166	1183	65	20
999000079	8166	1342	1481	1161	1183	65	20
999000079	8183	1343	1478	1167	1171	65	20
999000079	8199	1358	1480	1143	1183	65	20
999000079	8216	1360	1489	1154	1180	65	20
999000079	8233	1351	1455	1159	1168	65	20
999000079	8250	1347	1463	1162	1177	65	20
999000079	8266	1351	1451	1157	1171	65	20
999000079	8283	1334	1463	1121	1140	65	0
999000079	8300	1554	1698	959	970	65	0
999000079	8317	1563	1773	631	594	65	0
999000079	8334	1545	1752	525	425	65	0
999000079	8350	1543	1772	511	407	65	0
999000079	8367	1529	1781	506	388	65	0
999000079	8384	1529	1761	519	404	65	0
999000079	8401	1543	1769	505	393	65	0
999000079	8418	1545	1785	483	331	65	0
999000079	8434	1422	0	373	1440	65	0
999000079	8451	0	0	1440	1440	65	0
999000079	8468	0	0	1440	1440	65	0
999000079	8485	0	0	1440	1440	65	0
999000079	8502	0	0	1440	1440	65	0
999000079	8518	0	0	1440	1440	65	0
999000079	8535	0	0	1440	1440	65	0
999000079	8552	1284	0	956	1440	65	0
999000079	8569	1326	1521	923	768	65	0
999000079	8585	1319	1455	1137	1026	65	0
999000079	8602	1319	1445	1131	1145	65	21
999000079	8619	1338	1446	1127	1163	65	21
999000079	8636	1349	1443	1123	1175	65	21
999000079	8652	1341	1433	1129	1165	65	21
999000079	8669	1334	1433	1128	1168	65	21
999000079	8686	1324	1428	1133	1156	65	21
999000079	8703	1320	1441	1140	1163	65	21
999000079	8719	1330	1433	1138	1161	65	21
999000079	8736	1335	1423	1141	1154	65	21
999000079	8753	1326	1426	1144	1146	65	21
999000079	8770	1324	1413	1153	1148	65	21
999000079	8786	1318	1417	1153	1135	65	21
999000079	8803	1318	1434	1153	1147	65	21
999000079	8820	1318	1425	1142	1157	65	21
999000079	8837	1312	1418	1142	1161	65	21
999000079	8853	1310	1424	1144	1169	65	21
999000079	8870	1317	1423	1145	1170	65	21
999000079	8887	1315	1425	1141	1169	65	21
999000079	8904	1317	1421	1140	1161	65	21
999000079	8920	1304	1420	1146	1164	65	21
999000079	8937	1318	1419	1138	1164	65	21
999000079	8954	1323	1412	1150	1164	65	21
999000079	8971	1312	1420	1144	1166	65	21
999000079	8987	1316	1414	1161	1159	65	21
999000079	9004	1314	1422	1161	1165	65	21
999000079	9021	1312	1429	1166	1174	65	21
999000079	9038	1308	1437	1154	1163	65	21
999000079	9055	1308	1428	1155	1168	65	21
999000079	9071	1306	1437	1159	1167	65	21
999000079	9088	1302	1430	1162	1173	65	21
999000079	9105	1287	1439	1157	1175	65	21
999000079	9122	1292	1437	1142	1169	65	21
999000079	9138	1307	1420	1149	1158	65	21
999000079	9155	1309	1425	1144	1166	65	21
999000079	9172	1311	1427	1151	1154	65	21
999000079	9189	1300	1435	1144	1157	65	21
999000079	9205	1312	1432	1151	1168	65	21
999000079	9222	1312	1435	1156	1160	65	21
999000079	9239	1295	1425	1148	1150	65	21
999000079	9256	1293	1428	1139	1150	65	21
999000079	9273	1249	1406	1162	1152	65	0
999000079	9289	956	1063	1183	1198	65	0
999000079	9306	917	1022	1161	1195	65	22
999000079	9323	911	1013	1161	1220	65	22
999000079	9340	921	1022	1154	1197	65	22
999000079	9356	923	1022	1176	1214	65	22
999000079	9373	926	1018	1169	1208	65	22
999000079	9390	921	1006	1173	1193	65	22
999000079	9407	925	1016	1175	1207	65	22
999000079	9423	917	1009	1169	1206	65	22
999000079	9440	920	1021	1174	1213	65	22
999000079	9457	921	1019	1168	1209	65	22
999000079	9474	925	1015	1159	1220	65	22
999000079	9491	915	1008	1156	1209	65	22
999000079	9507	908	1020	1173	1200	65	22
999000079	9524	911	1001	1160	1203	65	22
999000079	9541	910	1012	1161	1191	65	22
999000079	9558	907	1008	1162	1177	65	22
999000079	9574	914	1016	1171	1185	65	22
999000079	9591	913	1012	1174	1176	65	22
999000079	9608	911	1020	1171	1189	65	22
999000079	9625	895	1019	1177	1199	65	22
999000079	9641	902	1017	1184	1188	65	22
999000079	9658	901	1026	1176	1198	65	22
999000079	9675	901	1022	1177	1202	65	22
999000079	9692	894	1023	1183	1205	65	22
999000079	9709	893	1028	1177	1205	65	22
999000079	9725	896	1016	1179	1189	65	22
999000079	9742	903	1025	1182	1198	65	22
999000079	9759	900	1036	1187	1205	65	22
999000079	9776	906	1035	1200	1197	65	22
999000079	9792	901	1031	1193	1206	65	22
999000079	9809	911	1044	1181	1200	65	22
999000079	9826	912	1023	1183	1203	65	22
999000079	9843	905	1030	1185	1191	65	22
999000079	9859	909	1026	1192	1204	65	22
999000079	9876	918	1031	1179	1206	65	22
999000079	9893	913	1035	1184	1218	65	22
999000079	9910	917	1035	1190	1202	65	22
999000079	9927	907	1031	1196	1209	65	22
999000079	9943	905	1041	1190	1212	65	22
999000079	9960	922	1030	1178	1198	65	22
999000079	9977	920	1036	1179	1200	65	22
999000079	9994	909	1031	1174	1209	65	22
999000079	10010	912	1035	1176	1209	65	22
999000079	10027	898	1030	1189	1212	65	22
999000079	10044	900	1033	1169	1204	65	22
999000079	10061	899	1026	1175	1208	65	22
999000079	10077	907	1029	1159	1211	65	22
999000079	10094	916	1039	1159	1212	65	22
999000079	10111	913	1032	1162	1211	65	22
999000079	10128	917	1028	1162	1208	65	22
999000079	10145	920	1022	1163	1203	65	22
999000079	10161	914	1027	1174	1199	65	22
999000079	10178	915	1028	1166	1206	65	22
999000079	10195	920	1029	1171	1201	65	22
999000079	10212	921	1032	1173	1210	65	22
999000079	10228	914	1036	1179	1218	65	22
999000079	10245	900	1027	1189	1200	65	22
999000079	10262	914	1024	1189	1216	65	22
999000079	10279	923	1030	1183	1224	65	22
999000079	10295	925	1037	1181	1215	65	22
999000079	10312	903	1038	1186	1208	65	22
999000079	10329	918	1023	1184	1208	65	22
999000079	10346	924	1031	1179	1211	65	22
999000079	10363	913	1037	1190	1209	65	22
999000079	10379	906	1031	1188	1212	65	22
999000079	10396	904	1031	1186	1216	65	22
999000079	10413	919	1018	1190	1204	65	22
999000079	10430	923	1033	1192	1211	65	22
999000079	10446	978	1096	1210	1239	65	23
999000079	10463	959	1078	1196	1205	65	23
999000079	10480	971	1081	1215	1224	65	23
999000079	10497	960	1084	1219	1224	65	23
999000079	10513	957	1087	1221	1226	65	23
999000079	10530	962	1086	1221	1223	65	23
999000079	10547	962	1083	1223	1228	65	23
999000079	10564	976	1096	1214	1221	65	23
999000079	10580	969	1083	1223	1212	65	23
999000079	10597	968	1084	1219	1223	65	23
999000079	10614	966	1103	1214	1220	65	23
999000079	10631	968	1096	1220	1225	65	23
999000079	10648	974	1098	1216	1219	65	23
999000079	10664	974	1095	1222	1209	65	23
999000079	10681	964	1093	1208	1203	65	23
999000079	10698	955	1084	1207	1197	65	23
999000079	10715	960	1095	1210	1219	65	23
999000079	10731	953	1092	1201	1210	65	23
999000079	10748	954	1088	1194	1200	65	23
999000079	10765	960	1092	1180	1204	65	23
999000079	10782	955	1086	1175	1213	65	23
999000079	10798	965	1092	1190	1205	65	23
999000079	10815	965	1100	1188	1200	65	23
999000079	10832	961	1083	1194	1209	65	23
999000079	10849	949	1074	1190	1219	65	23
999000079	10865	951	1096	1180	1197	65	24
999000079	10882	960	1085	1177	1186	65	24
999000079	10899	954	1066	1181	1186	65	24
999000079	10916	953	1083	1187	1188	65	24
999000079	10933	944	1086	1179	1193	65	24
999000079	10949	939	1084	1187	1195	65	24
999000079	10966	943	1079	1181	1192	65	24
999000079	10983	935	1075	1203	1193	65	24
999000079	11000	936	1084	1207	1204	65	24
999000079	11016	929	1089	1211	1208	65	24
999000079	11033	926	1089	1201	1210	65	24
999000079	11050	933	1092	1203	1228	65	24
999000079	11067	943	1082	1192	1214	65	24
999000079	11083	943	1080	1191	1209	65	24
999000079	11100	931	1084	1192	1211	65	24
999000079	11117	922	1087	1201	1210	65	24
999000079	11134	922	1075	1192	1211	65	24
999000079	11151	576	697	1182	1217	65	0
999000079	11167	377	427	1203	1229	65	0
999000079	11184	339	432	1195	1251	65	25
999000079	11201	343	407	1198	1249	65	25
999000079	11218	358	420	1203	1260	65	25
999000079	11234	353	429	1193	1259	65	25
999000079	11251	361	427	1198	1255	65	25
999000079	11268	368	422	1196	1258	65	25
999000079	11285	365	430	1197	1253	65	25
999000079	11301	367	417	1195	1256	65	25
999000079	11318	366	436	1191	1247	65	25
999000079	11335	364	425	1201	1254	65	25
999000079	11352	348	424	1189	1236	65	25
999000079	11369	350	419	1202	1236	65	25
999000079	11385	362	426	1200	1230	65	25
999000079	11402	353	421	1200	1247	65	25
999000079	11419	357	417	1197	1239	65	25
999000079	11436	358	430	1195	1242	65	25
999000079	11452	356	419	1198	1237	65	25
999000079	11469	365	412	1202	1240	65	25
999000079	11486	367	413	1214	1246	65	25
999000079	11503	366	405	1213	1247	65	25
999000079	11519	366	409	1201	1258	65	25
999000079	11536	368	416	1214	1247	65	25
999000079	11553	366	410	1208	1256	65	25
999000079	11570	356	413	1209	1247	65	25
999000079	11587	364	414	1215	1238	65	25
999000079	11603	362	402	1219	1251	65	25
999000079	11620	351	417	1209	1248	65	25
999000079	11637	362	409	1211	1241	65	25
999000079	11654	364	411	1215	1244	65	25
999000079	11670	371	415	1212	1247	65	25
999000079	11687	526	599	1233	1281	65	0
999000079	11704	811	906	1299	1358	65	0
999000079	11721	855	984	1293	1337	65	26
999000079	11737	861	974	1304	1345	65	26
999000079	11754	860	968	1316	1343	65	26
999000079	11771	863	969	1316	1332	65	26
999000079	11788	856	976	1318	1342	65	26
999000079	11804	849	978	1320	1339	65	26
999000079	11821	847	979	1319	1343	65	26
999000079	11838	855	976	1315	1339	65	26
999000079	11855	852	974	1305	1343	65	26
999000079	11872	856	976	1298	1336	65	26
999000079	11888	861	987	1296	1326	65	26
999000079	11905	850	960	1302	1329	65	26
999000079	11922	845	979	1305	1340	65	26
999000079	11939	851	983	1290	1342	65	26
999000079	11955	842	980	1300	1322	65	26
999000079	11972	852	964	1297	1345	65	26
999000079	11989	848	976	1294	1338	65	26
999000079	12006	844	981	1304	1344	65	26
999000079	12023	846	970	1313	1345	65	26
999000079	12039	848	978	1307	1347	65	26
999000079	12056	935	1061	1171	1183	65	27
999000079	12073	927	1055	1202	1210	65	27
999000079	12090	929	1051	1184	1196	65	27
999000079	12106	929	1062	1187	1195	65	27
999000079	12123	927	1046	1184	1184	65	27
999000079	12140	927	1055	1177	1193	65	27
999000079	12157	917	1054	1178	1183	65	27
999000079	12173	925	1056	1176	1198	65	27
999000079	12190	929	1055	1175	1190	65	27
999000079	12207	925	1057	1179	1196	65	27
999000079	12224	925	1062	1185	1208	65	27
999000079	12240	944	1054	1178	1196	65	27
999000079	12257	893	1015	950	1008	65	0
999000079	12274	901	1001	744	704	65	0
999000079	12291	902	1001	795	748	65	0
999000079	12308	909	992	763	727	65	28
999000079	12324	901	1005	756	726	65	28
999000079	12341	917	1011	755	728	65	28
999000079	12358	916	1010	746	733	65	28
999000079	12375	914	1007	750	736	65	28
999000079	12391	911	1004	749	732	65	28
999000079	12408	925	1012	749	740	65	28
999000079	12425	921	1006	750	721	65	28
999000079	12442	912	1007	752	728	65	28
999000079	12458	913	1008	748	726	65	28
999000079	12475	915	1007	751	728	65	28
999000079	12492	915	1010	748	719	65	28
999000079	12509	915	1015	750	736	65	28
999000079	12526	900	1000	744	724	65	28
999000079	12542	910	1014	766	719	65	28
999000079	12559	905	1006	756	720	65	28
999000079	12576	893	1011	746	720	65	28
999000079	12593	897	1007	751	711	65	28
999000079	12609	898	1021	762	710	65	28
999000079	12626	894	1014	763	698	65	28
999000079	12643	894	1009	745	709	65	28
999000079	12660	900	1007	739	714	65	28
999000079	12677	911	1006	747	712	65	28
999000079	12693	897	1023	757	718	65	28
999000079	12710	903	1006	753	719	65	28
999000079	12727	894	1021	757	723	65	28
999000079	12744	913	1019	764	719	65	28
999000079	12760	900	1014	762	717	65	28
999000079	12777	898	1037	761	720	65	28
999000079	12794	894	1029	761	712	65	28
999000079	12811	894	1020	759	732	65	28
999000079	12827	904	1026	768	727	65	28
999000079	12844	900	1024	768	730	65	28
999000079	12861	902	1031	777	745	65	28
999000079	12878	895	1029	773	738	65	28
999000079	12895	892	1022	770	733	65	28
999000079	12911	905	1033	775	743	65	28
999000079	12945	894	1025	772	740	65	28
999000079	12962	904	1035	773	735	65	28
999000079	12978	903	1034	782	752	65	28
999000079	12995	912	1047	775	746	65	28
999000079	13012	909	1070	849	837	65	0
999000079	13029	916	1069	803	810	65	29
999000079	13046	925	1068	822	821	65	29
999000079	13062	932	1059	827	798	65	29
999000079	13079	927	1061	812	808	65	29
999000079	13096	923	1055	809	792	65	29
999000079	13113	923	1058	817	817	65	29
999000079	13129	931	1069	809	803	65	29
999000079	13146	933	1053	818	791	65	29
999000079	13163	925	1067	804	804	65	29
999000079	13180	920	1066	810	813	65	29
999000079	13196	940	1052	806	803	65	29
999000079	13213	935	1051	817	796	65	29
999000079	13230	928	1042	817	790	65	29
999000079	13247	934	1057	815	797	65	29
999000079	13263	930	1054	818	802	65	29
999000079	13280	934	1062	820	801	65	29
999000079	13297	942	1060	822	801	65	29
999000079	13314	938	1051	820	787	65	29
999000079	13331	933	1053	821	809	65	29
999000079	13347	926	1056	824	807	65	29
999000079	13364	927	1056	822	796	65	29
999000079	13381	1005	527	804	1119	65	0
999000079	13398	1083	0	786	1440	65	0
999000079	13414	1002	525	799	1126	65	0
999000079	13431	920	1052	812	812	65	30
999000079	13448	918	1047	822	799	65	30
999000079	13465	927	1062	826	807	65	30
999000079	13481	923	1053	819	801	65	30
999000079	13515	922	1060	817	805	65	30
999000079	13532	934	1045	817	800	65	30
999000079	13548	946	1051	809	810	65	30
999000079	13565	919	1042	817	820	65	30
999000079	13582	921	1049	809	803	65	30
999000079	13599	924	1047	809	807	65	30
999000079	13616	929	1063	813	816	65	30
999000079	13632	935	1057	826	818	65	30
999000079	13649	942	1038	821	801	65	30
999000079	13666	914	1050	818	798	65	30
999000079	13683	932	1049	804	812	65	30
999000079	13699	923	1051	812	817	65	30
999000079	13716	925	1053	821	831	65	30
999000079	13733	926	1056	816	838	65	30
999000079	13750	933	1044	807	812	65	30
999000079	13766	928	1058	808	827	65	30
999000079	13783	923	1054	789	813	65	30
999000079	13800	924	1070	803	819	65	30
999000079	13817	926	1058	798	816	65	30
999000079	13834	927	1049	801	802	65	30
999000079	13850	927	1059	809	810	65	30
999000079	13867	929	1047	809	813	65	30
999000079	13884	940	1056	807	811	65	30
999000079	13901	940	1049	803	809	65	30
999000079	13917	924	1067	796	810	65	30
999000079	13934	884	1405	499	395	65	0
999000079	13951	846	1124	429	604	65	0
999000079	13968	809	843	359	812	65	0
999000079	13985	772	561	288	1023	65	0
999000079	14001	735	282	218	1230	65	0
999000079	14018	697	0	147	1440	65	0
999000079	14035	928	1217	697	595	65	0
999000079	14052	914	1370	591	347	65	0
999000079	14068	939	1096	724	651	65	0
999000079	14085	943	1082	733	743	65	31
999000079	14102	943	1085	751	757	65	31
999000079	14119	946	1086	756	732	65	31
999000079	14136	947	1091	769	740	65	31
999000079	14152	950	1081	770	745	65	31
999000079	14169	952	1098	765	751	65	31
999000079	14186	953	1092	764	753	65	31
999000079	14203	944	1091	773	757	65	31
999000079	14219	946	1089	773	755	65	31
999000079	14236	939	1091	775	768	65	31
999000079	14253	950	1092	775	765	65	31
999000079	14270	940	1089	783	760	65	31
999000079	14286	952	1091	769	760	65	31
999000079	14303	953	1093	770	755	65	31
999000079	14320	947	1087	769	766	65	31
999000079	14337	943	1092	769	759	65	31
999000079	14353	941	1082	765	756	65	31
999000079	14370	944	1088	769	751	65	31
999000079	14387	951	1088	769	744	65	31
999000079	14404	951	1087	763	764	65	31
999000079	14420	935	1095	775	760	65	31
999000079	14437	936	1094	775	755	65	31
999000079	14454	944	1099	776	768	65	31
999000079	14471	939	1087	764	763	65	31
999000079	14488	959	1098	762	769	65	31
999000079	14504	955	1085	764	758	65	31
999000079	14521	955	1096	764	757	65	31
999000079	14538	958	1097	757	763	65	31
999000079	14555	936	1095	768	761	65	31
999000079	14571	939	1090	766	752	65	31
999000079	14588	943	1089	766	765	65	31
999000079	14605	943	1100	775	763	65	31
999000079	14622	935	1093	776	770	65	31
999000079	14638	944	1098	780	769	65	31
999000079	14655	928	1096	769	773	65	31
999000079	14672	940	1094	774	774	65	31
999000079	14689	944	1081	766	765	65	31
999000079	14706	959	1081	767	760	65	31
999000079	14722	946	1091	767	760	65	31
999000079	14739	936	1090	768	763	65	31
999000079	14756	938	1093	764	764	65	31
999000079	14773	938	1093	767	740	65	31
999000079	14789	935	1090	756	757	65	31
999000079	14806	925	1090	766	763	65	31
999000079	14823	931	1086	767	766	65	31
999000079	14840	945	1089	766	759	65	31
999000079	14856	937	1095	757	758	65	31
999000079	14873	936	1086	753	767	65	31
999000079	14890	926	1090	756	761	65	31
999000079	14907	927	1088	756	763	65	31
999000079	14924	924	1092	762	746	65	31
999000079	14940	927	1081	776	759	65	31
999000079	14957	926	1092	767	755	65	31
999000079	14974	930	1084	755	762	65	31
999000079	14991	934	1091	752	762	65	31
999000079	15007	940	1087	762	762	65	31
999000079	15024	948	1099	767	755	65	31
999000079	15041	948	1086	770	755	65	31
999000079	15058	938	1079	757	771	65	31
999000079	15074	945	1085	755	761	65	31
999000079	15091	935	1088	755	764	65	31
999000079	15108	947	1078	766	742	65	0
999000079	15125	915	1042	773	764	65	0
999000079	15142	810	968	816	818	65	0
999000079	15158	851	977	804	815	65	32
999000079	15175	838	969	820	822	65	32
999000079	15192	829	971	832	822	65	32
999000079	15209	836	964	816	816	65	32
999000079	15225	837	976	815	816	65	32
999000079	15242	841	968	809	809	65	32
999000079	15259	831	974	814	818	65	32
999000079	15276	827	967	818	809	65	32
999000079	15292	828	973	818	821	65	32
999000079	15309	827	962	814	821	65	32
999000079	15326	837	977	780	789	65	0
999000079	15343	936	1073	414	416	65	0
999000079	15359	920	1058	426	389	65	0
999000079	15376	919	1091	398	390	65	0
999000079	15393	911	1055	405	365	65	33
999000079	15410	915	1060	400	367	65	33
999000079	15427	914	1063	403	369	65	33
999000079	15443	915	1062	404	359	65	33
999000079	15460	928	1067	396	361	65	33
999000079	15477	926	1061	408	352	65	33
999000079	15494	931	1061	399	363	65	33
999000079	15510	919	1049	402	363	65	33
999000079	15527	921	1047	403	373	65	33
999000079	15544	916	1061	406	365	65	33
999000079	15561	907	1059	412	367	65	33
999000079	15578	915	1066	411	366	65	33
999000079	15594	911	1072	394	358	65	33
999000079	15611	911	1066	399	368	65	33
999000079	15628	910	1075	383	365	65	33
999000079	15644	908	1078	392	365	65	33
999000079	15661	914	1081	390	371	65	33
999000079	15678	919	1070	388	364	65	33
999000079	15695	907	1075	396	359	65	33
999000079	15712	915	1072	396	365	65	33
999000079	15728	925	1083	393	369	65	33
999000079	15745	917	1088	402	356	65	33
999000079	15762	914	1083	401	355	65	33
999000079	15779	917	1092	391	357	65	33
999000079	15795	906	1084	402	363	65	33
999000079	15812	915	1082	408	355	65	33
999000079	15829	915	1083	394	354	65	33
999000079	15846	928	1083	392	358	65	33
999000079	15863	936	1087	392	368	65	33
999000079	15879	923	1105	385	376	65	33
999000079	15896	915	1108	388	370	65	33
999000079	15913	913	1105	390	374	65	33
999000079	15930	903	1106	391	365	65	33
999000079	15946	904	1095	402	370	65	33
999000079	15963	913	1093	399	366	65	33
999000079	15980	918	1101	394	375	65	33
999000079	15997	909	1097	384	365	65	33
999000079	16014	917	1107	383	367	65	33
999000079	16030	910	1106	385	373	65	33
999000079	16047	910	1101	382	370	65	33
999000079	16064	918	1107	383	370	65	33
999000079	16081	917	1085	377	371	65	33
999000079	16097	917	1083	382	359	65	33
999000079	16114	916	1106	390	377	65	33
999000079	16131	923	1106	385	377	65	33
999000079	16148	927	1113	381	375	65	33
999000079	16164	921	1110	391	370	65	33
999000079	16181	918	1108	385	381	65	33
999000079	16198	919	1107	390	374	65	33
999000079	16215	923	1115	396	378	65	33
999000079	16231	924	1110	398	364	65	33
999000079	16248	927	1115	392	372	65	33
999000079	16265	925	1113	395	371	65	33
999000079	16282	922	1099	392	373	65	33
999000079	16299	931	1099	399	373	65	33
999000079	16315	923	1104	386	369	65	33
999000079	16332	919	1105	397	377	65	33
999000079	16349	908	1104	401	371	65	33
999000079	16366	915	1086	399	368	65	33
999000079	16382	923	1097	400	381	65	33
999000079	16399	922	1107	406	372	65	33
999000079	16416	920	1104	406	386	65	33
999000079	16433	921	1101	413	374	65	33
999000079	16449	912	1102	403	379	65	33
999000079	16466	928	1107	398	376	65	33
999000079	16483	933	1106	398	380	65	33
999000079	16500	926	1121	394	380	65	33
999000079	16516	924	1113	395	377	65	33
999000079	16533	926	1111	395	382	65	33
999000079	16550	925	1109	396	373	65	33
999000079	16567	921	1109	403	388	65	33
999000079	16584	928	1106	394	379	65	33
999000079	16600	916	1105	404	384	65	33
999000079	16617	920	1110	404	383	65	33
999000079	16634	915	1107	405	388	65	33
999000079	16651	917	1111	399	378	65	33
999000079	16667	925	1105	402	377	65	33
999000079	16684	930	1105	404	387	65	33
999000079	16701	934	1101	392	382	65	33
999000079	16718	926	1110	401	381	65	33
999000079	16734	910	1114	402	384	65	33
999000079	16751	924	1101	411	380	65	33
999000079	16768	923	1101	409	379	65	33
999000079	16785	929	1096	409	386	65	33
999000079	16802	937	1101	413	384	65	33
999000079	16818	924	1097	406	390	65	33
999000079	16835	921	1098	401	375	65	33
999000079	16852	928	1093	405	379	65	33
999000079	16869	930	1095	399	384	65	33
999000079	16885	929	1100	405	395	65	33
999000079	16902	924	1099	402	384	65	33
999000079	16919	924	1092	399	376	65	33
999000079	16936	932	1093	404	380	65	33
999000079	16952	927	1100	400	380	65	33
999000079	16969	933	1105	405	397	65	33
999000079	16986	918	1100	394	380	65	33
999000079	17003	923	1107	400	399	65	33
999000079	17020	918	1111	386	383	65	33
999000079	17036	920	1114	392	390	65	33
999000079	17053	933	1101	407	380	65	33
999000079	17070	930	1092	410	385	65	33
999000079	17087	936	1100	396	387	65	33
999000079	17103	932	1099	405	393	65	33
999000079	17120	936	1105	401	396	65	33
999000079	17137	918	1097	399	382	65	33
999000079	17154	927	1113	399	387	65	33
999000079	17170	932	1116	404	386	65	33
999000079	17187	919	1129	408	389	65	33
999000079	17204	920	1108	392	391	65	33
999000079	17221	927	1102	402	379	65	33
999000079	17237	921	1118	393	383	65	33
999000079	17254	939	1110	405	381	65	33
999000079	17271	927	1119	396	392	65	33
999000079	17288	936	1107	396	378	65	33
999000079	17305	935	1119	395	392	65	33
999000079	17321	935	1101	403	381	65	33
999000079	17338	921	1095	405	378	65	33
999000079	17355	925	1123	401	388	65	33
999000079	17372	912	1116	350	346	65	34
999000079	17388	920	1119	352	348	65	34
999000079	17405	924	1125	340	341	65	34
999000079	17422	933	1113	346	335	65	34
999000079	17439	932	1114	361	335	65	34
999000079	17456	926	1114	365	326	65	34
999000079	17472	929	1114	357	335	65	34
999000079	17489	924	1117	347	340	65	34
999000079	17506	924	1103	346	337	65	34
999000079	17523	930	1102	349	332	65	34
999000079	17539	929	1104	353	325	65	34
999000079	17556	930	1110	354	325	65	34
999000079	17573	933	1090	357	324	65	34
999000079	17590	934	1091	356	331	65	34
999000079	17606	943	1097	348	338	65	34
999000079	17623	930	1106	350	342	65	34
999000079	17640	938	1108	345	345	65	34
999000079	17657	918	1103	347	342	65	34
999000079	17673	918	1099	340	347	65	34
999000079	17690	923	1109	342	353	65	34
999000079	17707	932	1091	339	346	65	34
999000079	17724	922	1100	345	344	65	34
999000079	17741	936	1109	348	337	65	34
999000079	17757	930	1091	351	337	65	34
999000079	17774	927	1097	354	335	65	34
999000079	17791	909	1108	344	339	65	34
999000079	17808	920	1105	344	340	65	34
999000079	17824	930	1104	343	325	65	34
999000079	17841	928	1088	343	330	65	34
999000079	17858	1084	1099	306	326	65	0
999000079	17875	925	1120	350	340	65	35
999000079	17891	913	1118	351	339	65	35
999000079	17908	920	1115	354	340	65	35
999000079	17925	901	1111	343	335	65	35
999000079	17942	912	1111	342	338	65	35
999000079	17958	908	1117	338	340	65	35
999000079	17975	904	1106	347	350	65	35
999000079	17992	912	1120	351	351	65	35
999000079	18009	927	1110	355	343	65	35
999000079	18026	930	1100	363	343	65	35
999000079	18042	934	1091	359	324	65	35
999000079	18059	930	1121	361	331	65	35
999000079	18076	925	1112	358	333	65	35
999000079	18093	917	1122	352	336	65	35
999000079	18109	924	1112	365	339	65	35
999000079	18126	915	1100	362	342	65	35
999000079	18143	915	1105	354	334	65	35
999000079	18160	916	1113	365	346	65	35
999000079	18177	919	1120	369	337	65	35
999000079	18193	916	1113	362	346	65	35
999000079	18210	923	1116	367	346	65	35
999000079	18227	907	1108	370	343	65	35
999000079	18244	919	1113	363	344	65	35
999000079	18260	919	1119	367	358	65	35
999000079	18277	924	1126	366	347	65	35
999000079	18294	918	1102	367	351	65	35
999000079	18311	919	1109	371	356	65	35
999000079	18327	915	1123	373	356	65	35
999000079	18344	772	981	378	364	65	0
999000079	18361	525	662	385	376	65	0
999000079	18378	496	635	379	385	65	36
999000079	18394	492	624	382	380	65	36
999000079	18411	496	625	384	377	65	36
999000079	18428	489	636	385	378	65	36
999000079	18445	486	619	380	384	65	36
999000079	18462	495	636	382	388	65	36
999000079	18478	492	631	378	381	65	36
999000079	18495	483	631	380	376	65	36
999000079	18512	491	633	386	382	65	36
999000079	18529	486	630	380	373	65	36
999000079	18545	488	631	376	373	65	36
999000079	18562	483	628	378	375	65	36
999000079	18579	488	618	373	362	65	36
999000079	18596	484	618	371	368	65	36
999000079	18612	493	628	373	366	65	36
999000079	18629	482	616	372	365	65	36
999000079	18646	481	621	374	363	65	36
999000079	18663	479	618	380	363	65	36
999000079	18679	481	617	377	366	65	36
999000079	18696	483	615	382	356	65	36
999000079	18713	473	605	380	365	65	36
999000079	18730	481	612	387	373	65	36
999000079	18747	489	618	387	367	65	36
999000079	18763	488	620	387	365	65	36
999000079	18780	497	612	384	366	65	36
999000079	18797	485	623	390	365	65	36
999000079	18814	478	607	381	361	65	36
999000079	18830	494	612	378	372	65	36
999000079	18847	490	606	383	360	65	36
999000079	18864	490	613	387	358	65	36
999000079	18881	482	610	387	355	65	36
999000079	18898	493	615	384	364	65	36
999000079	18914	498	613	393	361	65	36
999000079	18931	496	614	384	364	65	36
999000079	18948	507	616	385	362	65	36
999000079	18965	497	615	384	363	65	36
999000079	18981	496	616	383	358	65	36
999000079	18998	510	608	387	364	65	36
999000079	19015	500	616	389	362	65	36
999000079	19032	498	624	386	359	65	36
999000079	19048	508	617	379	355	65	36
999000079	19065	493	626	383	364	65	36
999000079	19082	489	616	376	361	65	36
999000079	19099	492	622	386	369	65	36
999000079	19115	490	628	384	368	65	36
999000079	19132	485	629	385	365	65	36
999000079	19149	496	620	385	381	65	36
999000079	19166	501	626	387	374	65	36
999000079	19183	494	616	376	371	65	36
999000079	19199	482	635	385	369	65	36
999000079	19216	486	618	381	362	65	36
999000079	19233	489	608	382	356	65	36
999000079	19250	495	627	387	367	65	36
999000079	19266	491	627	386	381	65	36
999000079	19283	486	619	379	371	65	36
999000079	19300	498	618	376	377	65	36
999000079	19317	489	625	375	371	65	36
999000079	19333	490	617	379	372	65	36
999000079	19350	492	613	373	369	65	36
999000079	19367	493	626	372	366	65	36
999000079	19384	492	616	373	370	65	36
999000079	19401	484	617	376	368	65	36
999000079	19417	495	635	365	373	65	36
999000079	19434	501	622	373	372	65	36
999000079	19451	500	625	373	369	65	36
999000079	19468	497	635	372	379	65	36
999000079	19484	503	636	364	370	65	36
999000079	19501	504	639	370	364	65	36
999000079	19518	494	632	375	362	65	36
999000079	19535	490	624	372	361	65	36
999000079	19551	494	627	375	353	65	36
999000079	19568	501	629	367	360	65	36
999000079	19585	502	634	372	357	65	36
999000079	19602	491	630	366	355	65	36
999000079	19619	505	630	371	352	65	36
999000079	19635	505	635	370	353	65	36
999000079	19652	502	631	378	362	65	36
999000079	19669	507	645	368	364	65	36
999000079	19686	476	635	371	352	65	37
999000079	19702	480	628	375	359	65	37
999000079	19719	492	628	369	355	65	37
999000079	19736	495	636	374	357	65	37
999000079	19753	498	631	370	359	65	37
999000079	19769	485	624	376	360	65	37
999000079	19786	488	621	368	362	65	37
999000079	19803	501	631	376	368	65	37
999000079	19820	492	645	364	368	65	37
999000079	19837	509	648	361	362	65	37
999000079	19853	491	636	384	364	65	0
999000079	19870	474	641	360	356	65	0
999000079	19887	0	0	1440	1440	65	0
999000079	19904	0	0	1440	1440	65	0
999000079	19920	0	0	1440	1440	65	0
999000079	19937	0	0	1440	1440	65	0
999000079	19954	0	0	1440	1440	65	0
999000079	19971	0	0	1440	1440	65	0
999000079	19988	0	0	1440	1440	65	0
999000079	20004	0	0	1440	1440	65	0
999000079	20021	0	741	1440	352	65	0
999000079	20038	500	651	250	277	65	0
999000079	20055	466	643	339	310	65	0
999000079	20071	505	628	343	370	65	38
999000079	20088	500	646	360	377	65	38
999000079	20105	493	622	349	377	65	38
999000079	20122	484	623	357	381	65	38
999000079	20139	501	652	350	390	65	38
999000079	20155	496	633	366	376	65	38
999000079	20172	504	639	361	369	65	38
999000079	20189	498	636	373	375	65	38
999000079	20206	510	644	354	367	65	38
999000079	20222	516	633	366	373	65	38
999000079	20239	507	631	357	358	65	38
999000079	20256	509	633	353	376	65	38
999000079	20272	508	651	363	367	65	38
999000079	20289	507	638	357	373	65	38
999000079	20306	489	621	359	373	65	38
999000079	20323	495	633	361	376	65	38
999000079	20340	498	640	371	380	65	38
999000079	20356	499	639	356	378	65	38
999000079	20373	501	637	362	378	65	38
999000079	20390	502	641	366	383	65	38
999000079	20407	496	631	373	386	65	38
999000079	20423	487	631	368	371	65	38
999000079	20440	494	636	372	386	65	38
999000079	20457	495	639	366	384	65	38
999000079	20474	502	641	359	371	65	38
999000079	20491	502	632	363	371	65	38
999000079	20507	509	627	359	378	65	38
999000079	20524	511	643	355	372	65	38
999000079	20541	502	640	365	375	65	38
999000079	20558	504	635	375	381	65	38
999000079	20574	503	649	367	371	65	38
999000079	20591	509	652	365	374	65	38
999000079	20608	498	641	362	376	65	38
999000079	20625	498	641	365	383	65	38
999000079	20641	504	629	371	374	65	38
999000079	20658	512	648	362	368	65	38
999000079	20675	523	634	360	372	65	38
999000079	20692	511	653	363	378	65	38
999000079	20708	512	627	366	374	65	38
999000079	20725	511	634	356	385	65	38
999000079	20742	517	642	364	376	65	38
999000079	20759	501	637	367	384	65	38
999000079	20776	500	633	364	374	65	38
999000079	20792	509	648	361	378	65	38
999000079	20809	507	636	366	368	65	38
999000079	20826	502	640	356	377	65	38
999000079	20843	505	633	367	377	65	38
999000079	20859	504	636	362	375	65	38
999000079	20876	510	646	362	368	65	38
999000079	20893	498	643	372	362	65	38
999000079	20910	513	635	376	371	65	38
999000079	20926	507	629	381	373	65	38
999000079	20943	518	629	371	373	65	38
999000079	20960	502	649	376	368	65	38
999000079	20977	519	631	375	377	65	38
999000079	20993	513	632	377	371	65	38
999000079	21010	511	636	384	374	65	38
999000079	21027	512	637	382	377	65	38
999000079	21044	502	623	377	372	65	38
999000079	21061	515	642	386	363	65	38
999000079	21077	507	637	387	372	65	38
999000079	21094	509	629	381	371	65	38
999000079	21111	513	638	377	367	65	38
999000079	21128	518	644	372	363	65	38
999000079	21144	515	637	375	373	65	38
999000079	21161	521	627	378	376	65	38
999000079	21178	516	624	382	368	65	38
999000079	21195	514	623	372	369	65	38
999000079	21211	513	609	380	361	65	38
999000079	21228	519	613	379	367	65	38
999000079	21245	513	611	384	373	65	38
999000079	21262	510	617	391	377	65	38
999000079	21278	514	621	393	374	65	38
999000079	21295	521	625	389	371	65	38
999000079	21312	524	620	389	376	65	38
999000079	21329	491	606	431	427	65	0
999000079	21346	476	594	694	728	65	0
999000079	21362	474	577	776	803	65	39
999000079	21379	471	581	770	798	65	39
999000079	21396	469	571	778	821	65	39
999000079	21413	470	584	786	809	65	39
999000079	21429	481	579	782	807	65	39
999000079	21446	487	564	793	808	65	39
999000079	21463	474	574	787	805	65	39
999000079	21480	469	552	782	799	65	39
999000079	21497	463	567	796	794	65	39
999000079	21513	463	556	796	806	65	39
999000079	21530	468	567	800	800	65	39
999000079	21547	467	572	793	800	65	39
999000079	21564	471	573	795	798	65	39
999000079	21580	475	565	795	789	65	39
999000079	21597	465	571	798	787	65	39
999000079	21614	467	563	790	809	65	39
999000079	21631	476	571	783	811	65	39
999000079	21647	466	579	782	807	65	39
999000079	21664	465	565	787	812	65	39
999000079	21681	468	565	782	806	65	39
999000079	21698	479	560	784	798	65	39
999000079	21714	476	567	791	791	65	39
999000079	21731	474	573	791	799	65	39
999000079	21748	472	594	794	810	65	39
999000079	21765	487	581	785	807	65	39
999000079	21782	489	590	789	811	65	39
999000079	21798	477	591	794	805	65	39
999000079	21815	478	587	797	820	65	39
999000079	21832	477	588	798	798	65	39
999000079	21849	477	595	787	802	65	39
999000079	21865	471	590	776	802	65	39
999000079	21882	482	588	793	801	65	39
999000079	21899	486	603	787	812	65	39
999000079	21916	628	739	830	824	65	0
999000079	21932	926	1072	945	959	65	0
999000079	21949	1053	1205	1073	1067	65	0
999000079	21966	1081	1267	1131	1161	65	40
999000079	21983	1077	1262	1119	1131	65	40
999000079	21999	1085	1257	1130	1139	65	40
999000079	22016	1093	1252	1121	1129	65	40
999000079	22033	1083	1253	1130	1133	65	40
999000079	22050	1077	1244	1130	1134	65	40
999000079	22067	1075	1241	1121	1141	65	40
999000079	22083	1073	1244	1125	1139	65	40
999000079	22100	991	1183	1108	1124	65	0
999000079	22117	599	745	900	943	65	0
999000079	22134	482	579	797	824	65	41
999000079	22150	477	585	817	828	65	41
999000079	22167	489	574	809	836	65	41
999000079	22184	490	580	809	829	65	41
999000079	22201	507	580	804	824	65	41
999000079	22218	507	577	803	827	65	41
999000079	22234	489	590	810	835	65	41
999000079	22251	488	568	812	829	65	41
999000079	22268	477	576	804	837	65	41
999000079	22285	494	581	802	839	65	41
999000079	22301	479	578	805	850	65	41
999000079	22318	486	568	808	840	65	41
999000079	22335	486	570	803	849	65	41
999000079	22352	486	562	792	844	65	41
999000079	22368	477	573	802	845	65	41
999000079	22385	492	590	795	839	65	41
999000079	22402	500	588	797	843	65	41
999000079	22419	493	569	801	843	65	41
999000079	22435	499	563	805	847	65	41
999000079	22452	500	557	796	842	65	41
999000079	22469	495	554	812	838	65	41
999000079	22486	497	568	815	832	65	41
999000079	22503	501	575	813	834	65	41
999000079	22519	493	566	818	836	65	41
999000079	22536	494	563	815	846	65	41
999000079	22553	489	575	827	853	65	41
999000079	22570	483	585	824	848	65	41
999000079	22586	488	571	813	854	65	41
999000079	22603	476	563	816	852	65	41
999000079	22620	473	568	810	856	65	41
999000079	22637	476	563	820	863	65	41
999000079	22654	485	570	810	854	65	41
999000079	22670	477	573	816	854	65	41
999000079	22687	495	562	809	845	65	41
999000079	22704	502	574	814	848	65	41
999000079	22721	492	592	831	843	65	41
999000079	22737	489	590	820	858	65	41
999000079	22754	481	582	829	862	65	41
999000079	22771	478	591	841	854	65	41
999000079	22788	476	591	836	847	65	41
999000079	22804	476	584	824	849	65	41
999000079	22821	474	587	827	844	65	41
999000079	22838	477	579	822	843	65	41
999000079	22855	474	580	819	841	65	41
999000079	22871	481	594	813	848	65	41
999000079	22888	487	583	811	843	65	41
999000079	22905	492	584	808	843	65	41
999000079	22922	495	584	817	845	65	41
999000079	22939	492	588	812	846	65	41
999000079	22955	503	591	812	842	65	41
999000079	22972	502	586	803	850	65	41
999000079	22989	490	598	812	849	65	41
999000079	23006	489	598	809	850	65	41
999000079	23022	494	586	816	853	65	41
999000079	23039	497	590	822	852	65	41
999000079	23056	505	593	818	852	65	41
999000079	23073	496	588	827	858	65	41
999000079	23090	503	597	816	854	65	41
999000079	23106	508	586	819	854	65	41
999000079	23123	512	594	805	857	65	41
999000079	23140	520	575	809	853	65	41
999000079	23157	523	571	807	854	65	41
999000079	23173	520	587	815	857	65	41
999000079	23190	511	578	809	856	65	41
999000079	23207	508	573	814	841	65	41
999000079	23224	504	576	820	853	65	41
999000079	23240	511	575	824	843	65	41
999000079	23257	508	575	823	851	65	41
999000079	23274	515	569	819	853	65	41
999000079	23291	507	576	810	858	65	41
999000079	23307	505	576	817	855	65	41
999000079	23324	508	572	816	841	65	41
999000079	23341	506	570	814	856	65	41
999000079	23358	505	565	816	845	65	41
999000079	23374	522	568	817	854	65	41
999000079	23391	516	569	804	852	65	41
999000079	23408	515	575	806	861	65	41
999000079	23425	523	564	806	866	65	41
999000079	23442	517	581	813	861	65	41
999000079	23458	503	579	816	850	65	41
999000079	23475	499	586	819	849	65	41
999000079	23492	516	591	807	857	65	41
999000079	23509	521	583	816	849	65	41
999000079	23525	520	575	810	854	65	41
999000079	23542	506	575	801	849	65	41
999000079	23559	504	581	812	861	65	41
999000079	23576	508	587	808	845	65	41
999000079	23592	504	588	813	855	65	41
999000079	23609	515	590	810	854	65	41
999000079	23626	519	587	823	859	65	41
999000079	23643	514	587	816	850	65	41
999000079	23660	519	584	819	847	65	41
999000079	23676	510	576	831	837	65	41
999000079	23693	493	584	837	845	65	41
999000079	23710	484	590	815	834	65	41
999000079	23727	485	570	827	835	65	41
999000079	23743	488	580	832	847	65	41
999000079	23760	499	590	830	848	65	41
999000079	23777	496	587	821	856	65	41
999000079	23794	499	597	822	844	65	41
999000079	23810	483	575	834	842	65	41
999000079	23827	480	591	834	840	65	41
999000079	23844	499	591	812	820	65	0
999000079	23861	491	839	623	624	65	0
999000079	23878	0	0	1440	1440	65	0
999000079	23894	0	0	1440	1440	65	0
999000079	23911	0	0	1440	1440	65	0
999000079	23928	0	0	1440	1440	65	0
999000079	23945	0	-66	1440	77	65	0
999000079	23961	977	782	443	610	65	0
999000079	23978	509	616	680	612	65	0
999000079	23995	508	599	774	751	65	42
999000079	24012	512	609	778	767	65	42
999000079	24029	511	596	782	772	65	42
999000079	24045	515	610	789	776	65	42
999000079	24062	519	594	788	761	65	42
999000079	24079	518	606	781	766	65	42
999000079	24096	514	613	782	788	65	42
999000079	24112	515	601	789	783	65	42
999000079	24129	505	605	784	797	65	42
999000079	24146	507	592	779	792	65	42
999000079	24163	521	596	771	789	65	42
999000079	24179	509	595	791	784	65	42
999000079	24196	519	599	779	777	65	42
999000079	24213	525	602	790	775	65	42
999000079	24230	515	606	772	785	65	42
999000079	24246	515	597	772	774	65	42
999000079	24263	519	603	776	786	65	42
999000079	24280	510	592	781	786	65	42
999000079	24297	503	587	790	781	65	42
999000079	24314	503	588	796	786	65	42
999000079	24330	506	594	797	786	65	42
999000079	24347	516	603	782	780	65	42
999000079	24364	498	616	995	1004	65	0
999000079	24381	497	601	1187	1233	65	43
999000079	24397	509	587	1176	1207	65	43
999000079	24414	506	594	1197	1233	65	43
999000079	24431	511	581	1195	1227	65	43
999000079	24448	509	587	1194	1224	65	43
999000079	24464	517	601	1191	1221	65	43
999000079	24481	514	594	1187	1227	65	43
999000079	24498	509	596	1188	1220	65	43
999000079	24515	504	587	1178	1226	65	43
999000079	24531	512	590	1181	1224	65	43
999000079	24548	513	593	1178	1197	65	43
999000079	24565	506	584	1177	1215	65	43
999000079	24582	516	587	1164	1212	65	43
999000079	24599	508	590	1164	1213	65	43
999000079	24615	504	610	1172	1219	65	43
999000079	24632	505	593	1173	1205	65	43
999000079	24649	505	614	1167	1212	65	43
999000079	24666	510	604	1174	1211	65	43
999000079	24682	512	601	1170	1207	65	43
999000079	24699	500	596	1179	1214	65	43
999000079	24716	696	829	1204	1299	65	0
999000079	24733	846	1007	1295	1374	65	0
999000079	24749	861	988	1300	1331	65	44
999000079	24766	865	1001	1303	1325	65	44
999000079	24783	872	994	1293	1334	65	44
999000079	24800	867	1001	1285	1332	65	44
999000079	24816	872	1002	1281	1324	65	44
999000079	24833	861	991	1286	1332	65	44
999000079	24850	860	991	1307	1333	65	44
999000079	24867	853	989	1307	1331	65	44
999000079	24884	863	988	1316	1343	65	44
999000079	24900	883	994	1281	1333	65	45
999000079	24917	871	986	1290	1335	65	45
999000079	24934	866	1000	1282	1346	65	45
999000079	24951	874	981	1292	1343	65	45
999000079	24967	879	980	1299	1331	65	45
999000079	24984	874	985	1310	1339	65	45
999000079	25001	870	984	1315	1320	65	45
999000079	25018	876	998	1331	1342	65	45
999000079	25035	875	993	1326	1327	65	45
999000079	25051	873	996	1329	1328	65	45
999000079	25068	876	988	1317	1333	65	45
999000079	25085	886	985	1321	1325	65	45
999000079	25102	872	1003	1320	1335	65	45
999000079	25118	869	1001	1319	1332	65	45
999000079	25135	868	990	1314	1337	65	45
999000079	25152	868	995	1322	1333	65	45
999000079	25169	870	1006	1322	1371	65	0
999000079	25185	883	1005	1305	1362	65	0
999000079	25202	882	989	1314	1326	65	0
999000079	25219	885	986	1320	1330	65	0
999000079	25236	880	980	1328	1328	65	0
999000079	25252	882	974	1311	1333	65	0
999000079	25269	847	1015	1244	1254	65	0
999000079	25286	0	0	1440	1440	65	0
999000079	25303	0	0	1440	1440	65	0
999000079	25320	0	0	1440	1440	65	0
999000079	25336	0	0	1440	1440	65	0
999000079	25353	0	0	1440	1440	65	0
999000079	25370	0	0	1440	1440	65	0
999000079	25387	543	670	929	835	65	0
999000079	25404	539	591	1138	1116	65	0
999000079	25420	542	593	1133	1178	65	46
999000079	25437	560	581	1144	1159	65	46
999000079	25454	552	578	1145	1176	65	46
999000079	25471	547	583	1150	1202	65	46
999000079	25487	572	584	1156	1205	65	46
999000079	25504	555	569	1163	1194	65	46
999000079	25521	571	575	1167	1202	65	46
999000079	25538	553	561	1177	1191	65	46
999000079	25554	554	573	1172	1190	65	46
999000079	25571	564	576	1173	1191	65	46
999000079	25588	575	574	1169	1191	65	46
999000079	25605	570	576	1176	1186	65	46
999000079	25621	574	581	1167	1183	65	46
999000079	25638	570	571	1164	1183	65	46
999000079	25655	574	571	1172	1184	65	46
999000079	25672	574	575	1173	1189	65	46
999000079	25688	573	566	1176	1187	65	46
999000079	25705	577	572	1167	1181	65	46
999000079	25722	571	567	1169	1184	65	46
999000079	25739	567	569	1170	1186	65	46
999000079	25755	561	566	1171	1195	65	46
999000079	25772	565	576	1163	1187	65	46
999000079	25789	561	559	1156	1205	65	46
999000079	25806	554	581	1163	1204	65	46
999000079	25823	546	569	1163	1205	65	46
999000079	25839	573	583	1156	1222	65	46
999000079	25856	556	579	1162	1215	65	46
999000079	25873	561	582	1174	1211	65	46
999000079	25890	554	561	1162	1208	65	46
999000079	25906	564	575	1156	1195	65	46
999000079	25923	551	576	1167	1200	65	46
999000079	25940	558	573	1160	1203	65	46
999000079	25957	563	578	1168	1212	65	46
999000079	25973	559	574	1166	1212	65	46
999000079	25990	567	575	1176	1217	65	46
999000079	26007	563	581	1182	1190	65	47
999000079	26024	562	559	1172	1184	65	47
999000079	26041	554	578	1165	1190	65	47
999000079	26057	562	590	1162	1195	65	47
999000079	26074	569	600	1168	1202	65	47
999000079	26091	569	581	1166	1192	65	47
999000079	26108	567	593	1159	1204	65	47
999000079	26124	567	591	1169	1210	65	47
999000079	26141	570	592	1169	1189	65	47
999000079	26158	572	579	1171	1206	65	47
999000079	26175	570	566	1177	1204	65	47
999000079	26191	572	584	1176	1196	65	47
999000079	26208	565	577	1185	1217	65	47
999000079	26225	565	584	1200	1215	65	47
999000079	26242	557	586	1185	1218	65	47
999000079	26259	552	587	1190	1210	65	47
999000079	26275	563	586	1182	1200	65	47
999000079	26292	564	586	1170	1211	65	47
999000079	26309	557	578	1181	1219	65	47
999000079	26326	573	572	1158	1218	65	47
999000079	26342	552	580	1183	1216	65	47
999000079	26359	569	576	1190	1228	65	47
999000079	26376	573	583	1184	1210	65	47
999000079	26393	579	579	1185	1228	65	47
999000079	26409	580	581	1191	1221	65	47
999000079	26426	574	578	1190	1219	65	47
999000079	26443	575	590	1194	1226	65	47
999000079	26460	574	588	1189	1236	65	47
999000079	26477	578	588	1203	1230	65	47
999000079	26493	581	581	1196	1225	65	47
999000079	26510	596	585	1176	1215	65	47
999000079	26527	559	586	1202	1214	65	0
999000079	26544	907	970	1204	1244	65	0
999000079	26560	1274	1337	1259	1266	65	0
999000079	26577	1523	1614	1229	1206	65	0
999000079	26594	1588	1728	1194	1174	65	48
999000079	26611	1588	1715	1203	1185	65	48
999000079	26627	1587	1715	1199	1177	65	48
999000079	26644	1589	1701	1208	1185	65	48
999000079	26661	1598	1711	1205	1184	65	48
999000079	26678	1590	1706	1198	1180	65	48
999000079	26695	1596	1705	1215	1195	65	48
999000079	26711	1581	1693	1223	1165	65	48
999000079	26728	1586	1697	1217	1178	65	48
999000079	26745	1589	1699	1216	1181	65	48
999000079	26762	1596	1699	1223	1177	65	48
999000079	26778	1592	1698	1219	1174	65	48
999000079	26795	1579	1695	1218	1175	65	48
999000079	26812	1579	1700	1217	1175	65	48
999000079	26829	1632	1758	1237	1205	65	0
999000079	26845	1718	1838	1249	1250	65	49
999000079	26862	1710	1842	1244	1231	65	49
999000079	26879	1702	1843	1255	1223	65	49
999000079	26896	1703	1853	1261	1220	65	49
999000079	26912	1699	1853	1267	1219	65	49
999000079	26929	1703	1854	1260	1215	65	49
999000079	26946	1697	1865	1264	1223	65	49
999000079	26963	1703	1851	1263	1203	65	49
999000079	26980	1708	1856	1260	1219	65	49
999000079	26996	1699	1863	1257	1213	65	49
999000079	27013	1702	1861	1247	1196	65	49
999000079	27030	1696	1851	1237	1199	65	49
999000079	27047	1696	1839	1247	1241	65	49
999000079	27063	1703	1846	1253	1197	65	49
