999000079	0	1746	276	65	1
999000079	17	1746	276	65	1
999000079	33	1746	276	65	1
999000079	50	1746	276	65	1
999000079	67	1746	276	65	1
999000079	84	1746	276	65	1
999000079	101	1746	276	65	1
999000079	117	1746	276	65	1
999000079	134	1746	276	65	1
999000079	151	1746	276	65	1
999000079	168	1746	276	65	1
999000079	184	1746	276	65	1
999000079	201	1746	276	65	1
999000079	218	1746	276	65	1
999000079	235	0	0	65	0
999000079	251	1401	340	65	2
999000079	268	1401	340	65	2
999000079	285	1401	340	65	2
999000079	302	1401	340	65	2
999000079	319	1401	340	65	2
999000079	335	1401	340	65	2
999000079	352	1401	340	65	2
999000079	369	1401	340	65	2
999000079	386	1401	340	65	2
999000079	402	1401	340	65	2
999000079	419	1401	340	65	2
999000079	436	1401	340	65	2
999000079	453	1401	340	65	2
999000079	469	1401	340	65	2
999000079	486	1401	340	65	2
999000079	503	1401	340	65	2
999000079	520	1401	340	65	2
999000079	537	1401	340	65	2
999000079	553	1401	340	65	2
999000079	570	1401	340	65	2
999000079	587	1401	340	65	2
999000079	604	1401	340	65	2
999000079	620	1401	340	65	2
999000079	637	1401	340	65	2
999000079	654	1401	340	65	2
999000079	671	1401	340	65	2
999000079	687	1401	340	65	2
999000079	704	1401	340	65	2
999000079	721	1401	340	65	2
999000079	738	1401	340	65	2
999000079	771	1401	340	65	2
999000079	788	1401	340	65	2
999000079	805	1401	340	65	2
999000079	822	1401	340	65	2
999000079	838	1401	340	65	2
999000079	855	1401	340	65	2
999000079	872	1401	340	65	2
999000079	889	1401	340	65	2
999000079	905	1401	340	65	2
999000079	922	1401	340	65	2
999000079	939	1401	340	65	2
999000079	956	1401	340	65	2
999000079	972	1401	340	65	2
999000079	989	1401	340	65	2
999000079	1006	1401	340	65	2
999000079	1023	1401	340	65	2
999000079	1040	1401	340	65	2
999000079	1056	1401	340	65	2
999000079	1073	1401	340	65	2
999000079	1090	1401	340	65	2
999000079	1107	1401	340	65	2
999000079	1123	1401	340	65	2
999000079	1140	1401	340	65	2
999000079	1157	1401	340	65	2
999000079	1174	1401	340	65	2
999000079	1190	1401	340	65	2
999000079	1207	1401	340	65	2
999000079	1224	1401	340	65	2
999000079	1241	0	0	65	0
999000079	1258	0	0	65	0
999000079	1274	1092	666	65	3
999000079	1291	1092	666	65	3
999000079	1308	1092	666	65	3
999000079	1325	1092	666	65	3
999000079	1341	1092	666	65	3
999000079	1358	1092	666	65	3
999000079	1375	1092	666	65	3
999000079	1392	1092	666	65	3
999000079	1408	1092	666	65	3
999000079	1425	1092	666	65	3
999000079	1442	1092	666	65	3
999000079	1459	1092	666	65	3
999000079	1476	1092	666	65	3
999000079	1492	1092	666	65	3
999000079	1509	0	0	65	0
999000079	1526	0	0	65	0
999000079	1543	1455	347	65	4
999000079	1559	1455	347	65	4
999000079	1576	1455	347	65	4
999000079	1593	1455	347	65	4
999000079	1610	1455	347	65	4
999000079	1626	1455	347	65	4
999000079	1643	1455	347	65	4
999000079	1660	1455	347	65	4
999000079	1677	1455	347	65	4
999000079	1694	1455	347	65	4
999000079	1710	1455	347	65	4
999000079	1727	1455	347	65	4
999000079	1744	1455	347	65	4
999000079	1761	1455	347	65	4
999000079	1777	1455	347	65	4
999000079	1794	1455	347	65	4
999000079	1811	1455	347	65	4
999000079	1828	1455	347	65	4
999000079	1844	1455	347	65	4
999000079	1861	1455	347	65	4
999000079	1878	1455	347	65	4
999000079	1895	1455	347	65	4
999000079	1911	1455	347	65	4
999000079	1928	1455	347	65	4
999000079	1945	1455	347	65	4
999000079	1962	1455	347	65	4
999000079	1978	1455	347	65	4
999000079	1995	1455	347	65	4
999000079	2012	1455	347	65	4
999000079	2029	1455	347	65	4
999000079	2046	1455	347	65	4
999000079	2062	0	0	65	0
999000079	2079	0	0	65	0
999000079	2096	0	0	65	0
999000079	2113	0	0	65	0
999000079	2129	0	0	65	0
999000079	2146	0	0	65	0
999000079	2163	0	0	65	0
999000079	2180	0	0	65	0
999000079	2197	0	0	65	0
999000079	2213	0	0	65	0
999000079	2230	0	0	65	0
999000079	2247	0	0	65	0
999000079	2264	0	0	65	0
999000079	2281	896	1129	65	5
999000079	2297	896	1129	65	5
999000079	2314	896	1129	65	5
999000079	2331	896	1129	65	5
999000079	2348	896	1129	65	5
999000079	2364	896	1129	65	5
999000079	2381	896	1129	65	5
999000079	2398	896	1129	65	5
999000079	2414	896	1129	65	5
999000079	2431	0	0	65	0
999000079	2448	959	1305	65	6
999000079	2465	959	1305	65	6
999000079	2481	959	1305	65	6
999000079	2498	959	1305	65	6
999000079	2515	959	1305	65	6
999000079	2532	959	1305	65	6
999000079	2549	959	1305	65	6
999000079	2565	959	1305	65	6
999000079	2582	959	1305	65	6
999000079	2599	959	1305	65	6
999000079	2616	959	1305	65	6
999000079	2632	959	1305	65	6
999000079	2649	959	1305	65	6
999000079	2666	959	1305	65	6
999000079	2683	959	1305	65	6
999000079	2699	959	1305	65	6
999000079	2716	959	1305	65	6
999000079	2733	959	1305	65	6
999000079	2750	959	1305	65	6
999000079	2766	959	1305	65	6
999000079	2783	959	1305	65	6
999000079	2800	959	1305	65	6
999000079	2817	959	1305	65	6
999000079	2834	959	1305	65	6
999000079	2850	959	1305	65	6
999000079	2867	959	1305	65	6
999000079	2884	959	1305	65	6
999000079	2901	959	1305	65	6
999000079	2917	959	1305	65	6
999000079	2934	959	1305	65	6
999000079	2951	959	1305	65	6
999000079	2968	959	1305	65	6
999000079	2985	959	1305	65	6
999000079	3001	959	1305	65	6
999000079	3018	959	1305	65	6
999000079	3035	959	1305	65	6
999000079	3052	959	1305	65	6
999000079	3068	959	1305	65	6
999000079	3085	959	1305	65	6
999000079	3102	959	1305	65	6
999000079	3119	959	1305	65	6
999000079	3135	959	1305	65	6
999000079	3152	959	1305	65	6
999000079	3169	959	1305	65	6
999000079	3186	0	0	65	0
999000079	3202	0	0	65	0
999000079	3219	0	0	65	0
999000079	3236	1413	559	65	7
999000079	3253	1413	559	65	7
999000079	3270	1413	559	65	7
999000079	3286	1413	559	65	7
999000079	3303	1413	559	65	7
999000079	3320	1413	559	65	7
999000079	3337	1413	559	65	7
999000079	3353	1413	559	65	7
999000079	3370	1413	559	65	7
999000079	3387	0	0	65	0
999000079	3404	1381	776	65	8
999000079	3421	1381	776	65	8
999000079	3437	1381	776	65	8
999000079	3454	1381	776	65	8
999000079	3471	1381	776	65	8
999000079	3488	1381	776	65	8
999000079	3504	1381	776	65	8
999000079	3521	1381	776	65	8
999000079	3538	1381	776	65	8
999000079	3555	1381	776	65	8
999000079	3572	1381	776	65	8
999000079	3588	1381	776	65	8
999000079	3605	1381	776	65	8
999000079	3622	1381	776	65	8
999000079	3638	1381	776	65	8
999000079	3655	1381	776	65	8
999000079	3672	1381	776	65	8
999000079	3689	1381	776	65	8
999000079	3706	1381	776	65	8
999000079	3722	1381	776	65	8
999000079	3739	1381	776	65	8
999000079	3756	1381	776	65	8
999000079	3773	1381	776	65	8
999000079	3789	1381	776	65	8
999000079	3806	1381	776	65	8
999000079	3823	1381	776	65	8
999000079	3840	1381	776	65	8
999000079	3857	1381	776	65	8
999000079	3873	1381	776	65	8
999000079	3890	1381	776	65	8
999000079	3907	1381	776	65	8
999000079	3924	1381	776	65	8
999000079	3940	1381	776	65	8
999000079	3957	1381	776	65	8
999000079	3974	1381	776	65	8
999000079	3991	1381	776	65	8
999000079	4007	1389	774	65	9
999000079	4024	1389	774	65	9
999000079	4041	1389	774	65	9
999000079	4058	1389	774	65	9
999000079	4075	1389	774	65	9
999000079	4091	1389	774	65	9
999000079	4108	1389	774	65	9
999000079	4125	1389	774	65	9
999000079	4142	1389	774	65	9
999000079	4158	1389	774	65	9
999000079	4175	1389	774	65	9
999000079	4192	1389	774	65	9
999000079	4209	1389	774	65	9
999000079	4225	1389	774	65	9
999000079	4242	1389	774	65	9
999000079	4259	1389	774	65	9
999000079	4276	1389	774	65	9
999000079	4293	1389	774	65	9
999000079	4309	1389	774	65	9
999000079	4326	1389	774	65	9
999000079	4343	1389	774	65	9
999000079	4360	1389	774	65	9
999000079	4376	0	0	65	0
999000079	4393	1460	742	65	10
999000079	4410	1460	742	65	10
999000079	4427	1460	742	65	10
999000079	4443	1460	742	65	10
999000079	4460	1460	742	65	10
999000079	4477	1460	742	65	10
999000079	4494	1460	742	65	10
999000079	4511	1460	742	65	10
999000079	4527	1460	742	65	10
999000079	4544	1460	742	65	10
999000079	4561	1460	742	65	10
999000079	4578	1460	742	65	10
999000079	4594	1460	742	65	10
999000079	4611	1460	742	65	10
999000079	4628	1460	742	65	10
999000079	4645	0	0	65	0
999000079	4661	0	0	65	0
999000079	4678	1890	613	65	11
999000079	4695	1890	613	65	11
999000079	4712	1890	613	65	11
999000079	4728	1890	613	65	11
999000079	4745	1890	613	65	11
999000079	4762	1890	613	65	11
999000079	4779	1890	613	65	11
999000079	4796	1890	613	65	11
999000079	4812	1890	613	65	11
999000079	4829	0	0	65	0
999000079	4846	1455	712	65	12
999000079	4863	1455	712	65	12
999000079	4879	1455	712	65	12
999000079	4896	1455	712	65	12
999000079	4913	1455	712	65	12
999000079	4930	1455	712	65	12
999000079	4946	1455	712	65	12
999000079	4963	1455	712	65	12
999000079	4980	1455	712	65	12
999000079	4997	1455	712	65	12
999000079	5014	1455	712	65	12
999000079	5030	0	0	65	0
999000079	5047	0	0	65	0
999000079	5064	0	0	65	0
999000079	5081	0	0	65	0
999000079	5097	0	0	65	0
999000079	5114	0	0	65	0
999000079	5131	0	0	65	0
999000079	5148	0	0	65	0
999000079	5165	0	0	65	0
999000079	5181	0	0	65	0
999000079	5198	0	0	65	0
999000079	5215	0	0	65	0
999000079	5232	0	0	65	0
999000079	5249	0	0	65	0
999000079	5265	1426	739	65	13
999000079	5282	1426	739	65	13
999000079	5299	1426	739	65	13
999000079	5315	1426	739	65	13
999000079	5332	1426	739	65	13
999000079	5349	1426	739	65	13
999000079	5366	1426	739	65	13
999000079	5382	1426	739	65	13
999000079	5399	1426	739	65	13
999000079	5416	1426	739	65	13
999000079	5433	1426	739	65	13
999000079	5450	1426	739	65	13
999000079	5466	1426	739	65	13
999000079	5483	1426	739	65	13
999000079	5500	1426	739	65	13
999000079	5517	1426	739	65	13
999000079	5533	1426	739	65	13
999000079	5550	1426	739	65	13
999000079	5567	1426	739	65	13
999000079	5584	1426	739	65	13
999000079	5600	1426	739	65	13
999000079	5617	1426	739	65	13
999000079	5634	1426	739	65	13
999000079	5651	1426	739	65	13
999000079	5667	1426	739	65	13
999000079	5684	1426	739	65	13
999000079	5701	1426	739	65	13
999000079	5718	1426	739	65	13
999000079	5735	1426	739	65	13
999000079	5751	1426	739	65	13
999000079	5768	1426	739	65	13
999000079	5785	1426	739	65	13
999000079	5802	1426	739	65	13
999000079	5818	1426	739	65	13
999000079	5835	1426	739	65	13
999000079	5852	1426	739	65	13
999000079	5869	1426	739	65	13
999000079	5886	1426	739	65	13
999000079	5902	1426	739	65	13
999000079	5919	1426	739	65	13
999000079	5936	0	0	65	0
999000079	5953	0	0	65	0
999000079	5969	910	101	65	14
999000079	5986	910	101	65	14
999000079	6003	910	101	65	14
999000079	6020	910	101	65	14
999000079	6036	910	101	65	14
999000079	6053	910	101	65	14
999000079	6070	910	101	65	14
999000079	6087	910	101	65	14
999000079	6103	910	101	65	14
999000079	6120	910	101	65	14
999000079	6137	910	101	65	14
999000079	6154	910	101	65	14
999000079	6171	910	101	65	14
999000079	6187	910	101	65	14
999000079	6204	910	101	65	14
999000079	6221	910	101	65	14
999000079	6238	910	101	65	14
999000079	6254	910	101	65	14
999000079	6271	910	101	65	14
999000079	6288	910	101	65	14
999000079	6305	910	101	65	14
999000079	6321	0	0	65	0
999000079	6338	0	0	65	0
999000079	6355	1342	1024	65	15
999000079	6372	1342	1024	65	15
999000079	6388	1342	1024	65	15
999000079	6405	1342	1024	65	15
999000079	6422	1342	1024	65	15
999000079	6439	1342	1024	65	15
999000079	6456	1342	1024	65	15
999000079	6472	1342	1024	65	15
999000079	6489	1342	1024	65	15
999000079	6506	0	0	65	0
999000079	6523	1394	1175	65	16
999000079	6539	1394	1175	65	16
999000079	6556	1394	1175	65	16
999000079	6573	1394	1175	65	16
999000079	6590	1394	1175	65	16
999000079	6606	1394	1175	65	16
999000079	6623	1394	1175	65	16
999000079	6640	1394	1175	65	16
999000079	6657	1394	1175	65	16
999000079	6673	1394	1175	65	16
999000079	6690	1394	1175	65	16
999000079	6707	1394	1175	65	16
999000079	6724	1394	1175	65	16
999000079	6741	1394	1175	65	16
999000079	6757	1394	1175	65	16
999000079	6774	1394	1175	65	16
999000079	6791	1394	1175	65	16
999000079	6808	1394	1175	65	16
999000079	6824	1394	1175	65	16
999000079	6841	1394	1175	65	16
999000079	6858	1394	1175	65	16
999000079	6875	1394	1175	65	16
999000079	6892	1394	1175	65	16
999000079	6908	1394	1175	65	16
999000079	6925	1394	1175	65	16
999000079	6942	1394	1175	65	16
999000079	6959	1394	1175	65	16
999000079	6975	1394	1175	65	16
999000079	6992	1394	1175	65	16
999000079	7009	1394	1175	65	16
999000079	7026	0	0	65	0
999000079	7042	1045	1329	65	17
999000079	7059	1045	1329	65	17
999000079	7076	1045	1329	65	17
999000079	7093	1045	1329	65	17
999000079	7109	1045	1329	65	17
999000079	7126	1045	1329	65	17
999000079	7143	1045	1329	65	17
999000079	7160	1045	1329	65	17
999000079	7177	1045	1329	65	17
999000079	7193	1045	1329	65	17
999000079	7210	1045	1329	65	17
999000079	7227	1045	1329	65	17
999000079	7244	1045	1329	65	17
999000079	7260	1045	1329	65	17
999000079	7277	1045	1329	65	17
999000079	7294	1045	1329	65	17
999000079	7311	1045	1329	65	17
999000079	7328	0	0	65	0
999000079	7344	0	0	65	0
999000079	7361	368	1257	65	18
999000079	7378	368	1257	65	18
999000079	7395	368	1257	65	18
999000079	7411	368	1257	65	18
999000079	7428	368	1257	65	18
999000079	7445	368	1257	65	18
999000079	7462	368	1257	65	18
999000079	7478	368	1257	65	18
999000079	7495	368	1257	65	18
999000079	7512	368	1257	65	18
999000079	7529	368	1257	65	18
999000079	7545	368	1257	65	18
999000079	7562	368	1257	65	18
999000079	7579	368	1257	65	18
999000079	7596	368	1257	65	18
999000079	7613	0	0	65	0
999000079	7629	0	0	65	0
999000079	7646	1242	1177	65	19
999000079	7663	1242	1177	65	19
999000079	7680	1242	1177	65	19
999000079	7696	1242	1177	65	19
999000079	7713	1242	1177	65	19
999000079	7730	1242	1177	65	19
999000079	7747	1242	1177	65	19
999000079	7763	1242	1177	65	19
999000079	7780	1242	1177	65	19
999000079	7797	1242	1177	65	19
999000079	7814	1242	1177	65	19
999000079	7830	1242	1177	65	19
999000079	7847	1242	1177	65	19
999000079	7864	1242	1177	65	19
999000079	7881	1242	1177	65	19
999000079	7898	1242	1177	65	19
999000079	7914	1419	1175	65	20
999000079	7931	1419	1175	65	20
999000079	7948	1419	1175	65	20
999000079	7965	1419	1175	65	20
999000079	7981	1419	1175	65	20
999000079	7998	1419	1175	65	20
999000079	8015	1419	1175	65	20
999000079	8032	1419	1175	65	20
999000079	8048	1419	1175	65	20
999000079	8065	1419	1175	65	20
999000079	8082	1419	1175	65	20
999000079	8099	1419	1175	65	20
999000079	8116	1419	1175	65	20
999000079	8132	1419	1175	65	20
999000079	8149	1419	1175	65	20
999000079	8166	1419	1175	65	20
999000079	8183	1419	1175	65	20
999000079	8199	1419	1175	65	20
999000079	8216	1419	1175	65	20
999000079	8233	1419	1175	65	20
999000079	8250	1419	1175	65	20
999000079	8266	1419	1175	65	20
999000079	8283	0	0	65	0
999000079	8300	0	0	65	0
999000079	8317	0	0	65	0
999000079	8334	0	0	65	0
999000079	8350	0	0	65	0
999000079	8367	0	0	65	0
999000079	8384	0	0	65	0
999000079	8401	0	0	65	0
999000079	8418	0	0	65	0
999000079	8434	0	0	65	0
999000079	8451	0	0	65	0
999000079	8468	0	0	65	0
999000079	8485	0	0	65	0
999000079	8502	0	0	65	0
999000079	8518	0	0	65	0
999000079	8535	0	0	65	0
999000079	8552	0	0	65	0
999000079	8569	0	0	65	0
999000079	8585	0	0	65	0
999000079	8602	1372	1153	65	21
999000079	8619	1372	1153	65	21
999000079	8636	1372	1153	65	21
999000079	8652	1372	1153	65	21
999000079	8669	1372	1153	65	21
999000079	8686	1372	1153	65	21
999000079	8703	1372	1153	65	21
999000079	8719	1372	1153	65	21
999000079	8736	1372	1153	65	21
999000079	8753	1372	1153	65	21
999000079	8770	1372	1153	65	21
999000079	8786	1372	1153	65	21
999000079	8803	1372	1153	65	21
999000079	8820	1372	1153	65	21
999000079	8837	1372	1153	65	21
999000079	8853	1372	1153	65	21
999000079	8870	1372	1153	65	21
999000079	8887	1372	1153	65	21
999000079	8904	1372	1153	65	21
999000079	8920	1372	1153	65	21
999000079	8937	1372	1153	65	21
999000079	8954	1372	1153	65	21
999000079	8971	1372	1153	65	21
999000079	8987	1372	1153	65	21
999000079	9004	1372	1153	65	21
999000079	9021	1372	1153	65	21
999000079	9038	1372	1153	65	21
999000079	9055	1372	1153	65	21
999000079	9071	1372	1153	65	21
999000079	9088	1372	1153	65	21
999000079	9105	1372	1153	65	21
999000079	9122	1372	1153	65	21
999000079	9138	1372	1153	65	21
999000079	9155	1372	1153	65	21
999000079	9172	1372	1153	65	21
999000079	9189	1372	1153	65	21
999000079	9205	1372	1153	65	21
999000079	9222	1372	1153	65	21
999000079	9239	1372	1153	65	21
999000079	9256	1372	1153	65	21
999000079	9273	0	0	65	0
999000079	9289	0	0	65	0
999000079	9306	969	1190	65	22
999000079	9323	969	1190	65	22
999000079	9340	969	1190	65	22
999000079	9356	969	1190	65	22
999000079	9373	969	1190	65	22
999000079	9390	969	1190	65	22
999000079	9407	969	1190	65	22
999000079	9423	969	1190	65	22
999000079	9440	969	1190	65	22
999000079	9457	969	1190	65	22
999000079	9474	969	1190	65	22
999000079	9491	969	1190	65	22
999000079	9507	969	1190	65	22
999000079	9524	969	1190	65	22
999000079	9541	969	1190	65	22
999000079	9558	969	1190	65	22
999000079	9574	969	1190	65	22
999000079	9591	969	1190	65	22
999000079	9608	969	1190	65	22
999000079	9625	969	1190	65	22
999000079	9641	969	1190	65	22
999000079	9658	969	1190	65	22
999000079	9675	969	1190	65	22
999000079	9692	969	1190	65	22
999000079	9709	969	1190	65	22
999000079	9725	969	1190	65	22
999000079	9742	969	1190	65	22
999000079	9759	969	1190	65	22
999000079	9776	969	1190	65	22
999000079	9792	969	1190	65	22
999000079	9809	969	1190	65	22
999000079	9826	969	1190	65	22
999000079	9843	969	1190	65	22
999000079	9859	969	1190	65	22
999000079	9876	969	1190	65	22
999000079	9893	969	1190	65	22
999000079	9910	969	1190	65	22
999000079	9927	969	1190	65	22
999000079	9943	969	1190	65	22
999000079	9960	969	1190	65	22
999000079	9977	969	1190	65	22
999000079	9994	969	1190	65	22
999000079	10010	969	1190	65	22
999000079	10027	969	1190	65	22
999000079	10044	969	1190	65	22
999000079	10061	969	1190	65	22
999000079	10077	969	1190	65	22
999000079	10094	969	1190	65	22
999000079	10111	969	1190	65	22
999000079	10128	969	1190	65	22
999000079	10145	969	1190	65	22
999000079	10161	969	1190	65	22
999000079	10178	969	1190	65	22
999000079	10195	969	1190	65	22
999000079	10212	969	1190	65	22
999000079	10228	969	1190	65	22
999000079	10245	969	1190	65	22
999000079	10262	969	1190	65	22
999000079	10279	969	1190	65	22
999000079	10295	969	1190	65	22
999000079	10312	969	1190	65	22
999000079	10329	969	1190	65	22
999000079	10346	969	1190	65	22
999000079	10363	969	1190	65	22
999000079	10379	969	1190	65	22
999000079	10396	969	1190	65	22
999000079	10413	969	1190	65	22
999000079	10430	969	1190	65	22
999000079	10446	1026	1211	65	23
999000079	10463	1026	1211	65	23
999000079	10480	1026	1211	65	23
999000079	10497	1026	1211	65	23
999000079	10513	1026	1211	65	23
999000079	10530	1026	1211	65	23
999000079	10547	1026	1211	65	23
999000079	10564	1026	1211	65	23
999000079	10580	1026	1211	65	23
999000079	10597	1026	1211	65	23
999000079	10614	1026	1211	65	23
999000079	10631	1026	1211	65	23
999000079	10648	1026	1211	65	23
999000079	10664	1026	1211	65	23
999000079	10681	1026	1211	65	23
999000079	10698	1026	1211	65	23
999000079	10715	1026	1211	65	23
999000079	10731	1026	1211	65	23
999000079	10748	1026	1211	65	23
999000079	10765	1026	1211	65	23
999000079	10782	1026	1211	65	23
999000079	10798	1026	1211	65	23
999000079	10815	1026	1211	65	23
999000079	10832	1026	1211	65	23
999000079	10849	1026	1211	65	23
999000079	10865	1011	1197	65	24
999000079	10882	1011	1197	65	24
999000079	10899	1011	1197	65	24
999000079	10916	1011	1197	65	24
999000079	10933	1011	1197	65	24
999000079	10949	1011	1197	65	24
999000079	10966	1011	1197	65	24
999000079	10983	1011	1197	65	24
999000079	11000	1011	1197	65	24
999000079	11016	1011	1197	65	24
999000079	11033	1011	1197	65	24
999000079	11050	1011	1197	65	24
999000079	11067	1011	1197	65	24
999000079	11083	1011	1197	65	24
999000079	11100	1011	1197	65	24
999000079	11117	1011	1197	65	24
999000079	11134	1011	1197	65	24
999000079	11151	0	0	65	0
999000079	11167	0	0	65	0
999000079	11184	389	1225	65	25
999000079	11201	389	1225	65	25
999000079	11218	389	1225	65	25
999000079	11234	389	1225	65	25
999000079	11251	389	1225	65	25
999000079	11268	389	1225	65	25
999000079	11285	389	1225	65	25
999000079	11301	389	1225	65	25
999000079	11318	389	1225	65	25
999000079	11335	389	1225	65	25
999000079	11352	389	1225	65	25
999000079	11369	389	1225	65	25
999000079	11385	389	1225	65	25
999000079	11402	389	1225	65	25
999000079	11419	389	1225	65	25
999000079	11436	389	1225	65	25
999000079	11452	389	1225	65	25
999000079	11469	389	1225	65	25
999000079	11486	389	1225	65	25
999000079	11503	389	1225	65	25
999000079	11519	389	1225	65	25
999000079	11536	389	1225	65	25
999000079	11553	389	1225	65	25
999000079	11570	389	1225	65	25
999000079	11587	389	1225	65	25
999000079	11603	389	1225	65	25
999000079	11620	389	1225	65	25
999000079	11637	389	1225	65	25
999000079	11654	389	1225	65	25
999000079	11670	389	1225	65	25
999000079	11687	0	0	65	0
999000079	11704	0	0	65	0
999000079	11721	914	1322	65	26
999000079	11737	914	1322	65	26
999000079	11754	914	1322	65	26
999000079	11771	914	1322	65	26
999000079	11788	914	1322	65	26
999000079	11804	914	1322	65	26
999000079	11821	914	1322	65	26
999000079	11838	914	1322	65	26
999000079	11855	914	1322	65	26
999000079	11872	914	1322	65	26
999000079	11888	914	1322	65	26
999000079	11905	914	1322	65	26
999000079	11922	914	1322	65	26
999000079	11939	914	1322	65	26
999000079	11955	914	1322	65	26
999000079	11972	914	1322	65	26
999000079	11989	914	1322	65	26
999000079	12006	914	1322	65	26
999000079	12023	914	1322	65	26
999000079	12039	914	1322	65	26
999000079	12056	992	1188	65	27
999000079	12073	992	1188	65	27
999000079	12090	992	1188	65	27
999000079	12106	992	1188	65	27
999000079	12123	992	1188	65	27
999000079	12140	992	1188	65	27
999000079	12157	992	1188	65	27
999000079	12173	992	1188	65	27
999000079	12190	992	1188	65	27
999000079	12207	992	1188	65	27
999000079	12224	992	1188	65	27
999000079	12240	992	1188	65	27
999000079	12257	0	0	65	0
999000079	12274	0	0	65	0
999000079	12291	0	0	65	0
999000079	12308	960	742	65	28
999000079	12324	960	742	65	28
999000079	12341	960	742	65	28
999000079	12358	960	742	65	28
999000079	12375	960	742	65	28
999000079	12391	960	742	65	28
999000079	12408	960	742	65	28
999000079	12425	960	742	65	28
999000079	12442	960	742	65	28
999000079	12458	960	742	65	28
999000079	12475	960	742	65	28
999000079	12492	960	742	65	28
999000079	12509	960	742	65	28
999000079	12526	960	742	65	28
999000079	12542	960	742	65	28
999000079	12559	960	742	65	28
999000079	12576	960	742	65	28
999000079	12593	960	742	65	28
999000079	12609	960	742	65	28
999000079	12626	960	742	65	28
999000079	12643	960	742	65	28
999000079	12660	960	742	65	28
999000079	12677	960	742	65	28
999000079	12693	960	742	65	28
999000079	12710	960	742	65	28
999000079	12727	960	742	65	28
999000079	12744	960	742	65	28
999000079	12760	960	742	65	28
999000079	12777	960	742	65	28
999000079	12794	960	742	65	28
999000079	12811	960	742	65	28
999000079	12827	960	742	65	28
999000079	12844	960	742	65	28
999000079	12861	960	742	65	28
999000079	12878	960	742	65	28
999000079	12895	960	742	65	28
999000079	12911	960	742	65	28
999000079	12945	960	742	65	28
999000079	12962	960	742	65	28
999000079	12978	960	742	65	28
999000079	12995	960	742	65	28
999000079	13012	0	0	65	0
999000079	13029	994	809	65	29
999000079	13046	994	809	65	29
999000079	13062	994	809	65	29
999000079	13079	994	809	65	29
999000079	13096	994	809	65	29
999000079	13113	994	809	65	29
999000079	13129	994	809	65	29
999000079	13146	994	809	65	29
999000079	13163	994	809	65	29
999000079	13180	994	809	65	29
999000079	13196	994	809	65	29
999000079	13213	994	809	65	29
999000079	13230	994	809	65	29
999000079	13247	994	809	65	29
999000079	13263	994	809	65	29
999000079	13280	994	809	65	29
999000079	13297	994	809	65	29
999000079	13314	994	809	65	29
999000079	13331	994	809	65	29
999000079	13347	994	809	65	29
999000079	13364	994	809	65	29
999000079	13381	0	0	65	0
999000079	13398	0	0	65	0
999000079	13414	0	0	65	0
999000079	13431	990	811	65	30
999000079	13448	990	811	65	30
999000079	13465	990	811	65	30
999000079	13481	990	811	65	30
999000079	13515	990	811	65	30
999000079	13532	990	811	65	30
999000079	13548	990	811	65	30
999000079	13565	990	811	65	30
999000079	13582	990	811	65	30
999000079	13599	990	811	65	30
999000079	13616	990	811	65	30
999000079	13632	990	811	65	30
999000079	13649	990	811	65	30
999000079	13666	990	811	65	30
999000079	13683	990	811	65	30
999000079	13699	990	811	65	30
999000079	13716	990	811	65	30
999000079	13733	990	811	65	30
999000079	13750	990	811	65	30
999000079	13766	990	811	65	30
999000079	13783	990	811	65	30
999000079	13800	990	811	65	30
999000079	13817	990	811	65	30
999000079	13834	990	811	65	30
999000079	13850	990	811	65	30
999000079	13867	990	811	65	30
999000079	13884	990	811	65	30
999000079	13901	990	811	65	30
999000079	13917	990	811	65	30
999000079	13934	0	0	65	0
999000079	13951	0	0	65	0
999000079	13968	0	0	65	0
999000079	13985	0	0	65	0
999000079	14001	0	0	65	0
999000079	14018	0	0	65	0
999000079	14035	0	0	65	0
999000079	14052	0	0	65	0
999000079	14068	0	0	65	0
999000079	14085	1016	762	65	31
999000079	14102	1016	762	65	31
999000079	14119	1016	762	65	31
999000079	14136	1016	762	65	31
999000079	14152	1016	762	65	31
999000079	14169	1016	762	65	31
999000079	14186	1016	762	65	31
999000079	14203	1016	762	65	31
999000079	14219	1016	762	65	31
999000079	14236	1016	762	65	31
999000079	14253	1016	762	65	31
999000079	14270	1016	762	65	31
999000079	14286	1016	762	65	31
999000079	14303	1016	762	65	31
999000079	14320	1016	762	65	31
999000079	14337	1016	762	65	31
999000079	14353	1016	762	65	31
999000079	14370	1016	762	65	31
999000079	14387	1016	762	65	31
999000079	14404	1016	762	65	31
999000079	14420	1016	762	65	31
999000079	14437	1016	762	65	31
999000079	14454	1016	762	65	31
999000079	14471	1016	762	65	31
999000079	14488	1016	762	65	31
999000079	14504	1016	762	65	31
999000079	14521	1016	762	65	31
999000079	14538	1016	762	65	31
999000079	14555	1016	762	65	31
999000079	14571	1016	762	65	31
999000079	14588	1016	762	65	31
999000079	14605	1016	762	65	31
999000079	14622	1016	762	65	31
999000079	14638	1016	762	65	31
999000079	14655	1016	762	65	31
999000079	14672	1016	762	65	31
999000079	14689	1016	762	65	31
999000079	14706	1016	762	65	31
999000079	14722	1016	762	65	31
999000079	14739	1016	762	65	31
999000079	14756	1016	762	65	31
999000079	14773	1016	762	65	31
999000079	14789	1016	762	65	31
999000079	14806	1016	762	65	31
999000079	14823	1016	762	65	31
999000079	14840	1016	762	65	31
999000079	14856	1016	762	65	31
999000079	14873	1016	762	65	31
999000079	14890	1016	762	65	31
999000079	14907	1016	762	65	31
999000079	14924	1016	762	65	31
999000079	14940	1016	762	65	31
999000079	14957	1016	762	65	31
999000079	14974	1016	762	65	31
999000079	14991	1016	762	65	31
999000079	15007	1016	762	65	31
999000079	15024	1016	762	65	31
999000079	15041	1016	762	65	31
999000079	15058	1016	762	65	31
999000079	15074	1016	762	65	31
999000079	15091	1016	762	65	31
999000079	15108	0	0	65	0
999000079	15125	0	0	65	0
999000079	15142	0	0	65	0
999000079	15158	902	817	65	32
999000079	15175	902	817	65	32
999000079	15192	902	817	65	32
999000079	15209	902	817	65	32
999000079	15225	902	817	65	32
999000079	15242	902	817	65	32
999000079	15259	902	817	65	32
999000079	15276	902	817	65	32
999000079	15292	902	817	65	32
999000079	15309	902	817	65	32
999000079	15326	0	0	65	0
999000079	15343	0	0	65	0
999000079	15359	0	0	65	0
999000079	15376	0	0	65	0
999000079	15393	1009	386	65	33
999000079	15410	1009	386	65	33
999000079	15427	1009	386	65	33
999000079	15443	1009	386	65	33
999000079	15460	1009	386	65	33
999000079	15477	1009	386	65	33
999000079	15494	1009	386	65	33
999000079	15510	1009	386	65	33
999000079	15527	1009	386	65	33
999000079	15544	1009	386	65	33
999000079	15561	1009	386	65	33
999000079	15578	1009	386	65	33
999000079	15594	1009	386	65	33
999000079	15611	1009	386	65	33
999000079	15628	1009	386	65	33
999000079	15644	1009	386	65	33
999000079	15661	1009	386	65	33
999000079	15678	1009	386	65	33
999000079	15695	1009	386	65	33
999000079	15712	1009	386	65	33
999000079	15728	1009	386	65	33
999000079	15745	1009	386	65	33
999000079	15762	1009	386	65	33
999000079	15779	1009	386	65	33
999000079	15795	1009	386	65	33
999000079	15812	1009	386	65	33
999000079	15829	1009	386	65	33
999000079	15846	1009	386	65	33
999000079	15863	1009	386	65	33
999000079	15879	1009	386	65	33
999000079	15896	1009	386	65	33
999000079	15913	1009	386	65	33
999000079	15930	1009	386	65	33
999000079	15946	1009	386	65	33
999000079	15963	1009	386	65	33
999000079	15980	1009	386	65	33
999000079	15997	1009	386	65	33
999000079	16014	1009	386	65	33
999000079	16030	1009	386	65	33
999000079	16047	1009	386	65	33
999000079	16064	1009	386	65	33
999000079	16081	1009	386	65	33
999000079	16097	1009	386	65	33
999000079	16114	1009	386	65	33
999000079	16131	1009	386	65	33
999000079	16148	1009	386	65	33
999000079	16164	1009	386	65	33
999000079	16181	1009	386	65	33
999000079	16198	1009	386	65	33
999000079	16215	1009	386	65	33
999000079	16231	1009	386	65	33
999000079	16248	1009	386	65	33
999000079	16265	1009	386	65	33
999000079	16282	1009	386	65	33
999000079	16299	1009	386	65	33
999000079	16315	1009	386	65	33
999000079	16332	1009	386	65	33
999000079	16349	1009	386	65	33
999000079	16366	1009	386	65	33
999000079	16382	1009	386	65	33
999000079	16399	1009	386	65	33
999000079	16416	1009	386	65	33
999000079	16433	1009	386	65	33
999000079	16449	1009	386	65	33
999000079	16466	1009	386	65	33
999000079	16483	1009	386	65	33
999000079	16500	1009	386	65	33
999000079	16516	1009	386	65	33
999000079	16533	1009	386	65	33
999000079	16550	1009	386	65	33
999000079	16567	1009	386	65	33
999000079	16584	1009	386	65	33
999000079	16600	1009	386	65	33
999000079	16617	1009	386	65	33
999000079	16634	1009	386	65	33
999000079	16651	1009	386	65	33
999000079	16667	1009	386	65	33
999000079	16684	1009	386	65	33
999000079	16701	1009	386	65	33
999000079	16718	1009	386	65	33
999000079	16734	1009	386	65	33
999000079	16751	1009	386	65	33
999000079	16768	1009	386	65	33
999000079	16785	1009	386	65	33
999000079	16802	1009	386	65	33
999000079	16818	1009	386	65	33
999000079	16835	1009	386	65	33
999000079	16852	1009	386	65	33
999000079	16869	1009	386	65	33
999000079	16885	1009	386	65	33
999000079	16902	1009	386	65	33
999000079	16919	1009	386	65	33
999000079	16936	1009	386	65	33
999000079	16952	1009	386	65	33
999000079	16969	1009	386	65	33
999000079	16986	1009	386	65	33
999000079	17003	1009	386	65	33
999000079	17020	1009	386	65	33
999000079	17036	1009	386	65	33
999000079	17053	1009	386	65	33
999000079	17070	1009	386	65	33
999000079	17087	1009	386	65	33
999000079	17103	1009	386	65	33
999000079	17120	1009	386	65	33
999000079	17137	1009	386	65	33
999000079	17154	1009	386	65	33
999000079	17170	1009	386	65	33
999000079	17187	1009	386	65	33
999000079	17204	1009	386	65	33
999000079	17221	1009	386	65	33
999000079	17237	1009	386	65	33
999000079	17254	1009	386	65	33
999000079	17271	1009	386	65	33
999000079	17288	1009	386	65	33
999000079	17305	1009	386	65	33
999000079	17321	1009	386	65	33
999000079	17338	1009	386	65	33
999000079	17355	1009	386	65	33
999000079	17372	1016	343	65	34
999000079	17388	1016	343	65	34
999000079	17405	1016	343	65	34
999000079	17422	1016	343	65	34
999000079	17439	1016	343	65	34
999000079	17456	1016	343	65	34
999000079	17472	1016	343	65	34
999000079	17489	1016	343	65	34
999000079	17506	1016	343	65	34
999000079	17523	1016	343	65	34
999000079	17539	1016	343	65	34
999000079	17556	1016	343	65	34
999000079	17573	1016	343	65	34
999000079	17590	1016	343	65	34
999000079	17606	1016	343	65	34
999000079	17623	1016	343	65	34
999000079	17640	1016	343	65	34
999000079	17657	1016	343	65	34
999000079	17673	1016	343	65	34
999000079	17690	1016	343	65	34
999000079	17707	1016	343	65	34
999000079	17724	1016	343	65	34
999000079	17741	1016	343	65	34
999000079	17757	1016	343	65	34
999000079	17774	1016	343	65	34
999000079	17791	1016	343	65	34
999000079	17808	1016	343	65	34
999000079	17824	1016	343	65	34
999000079	17841	1016	343	65	34
999000079	17858	0	0	65	0
999000079	17875	1015	351	65	35
999000079	17891	1015	351	65	35
999000079	17908	1015	351	65	35
999000079	17925	1015	351	65	35
999000079	17942	1015	351	65	35
999000079	17958	1015	351	65	35
999000079	17975	1015	351	65	35
999000079	17992	1015	351	65	35
999000079	18009	1015	351	65	35
999000079	18026	1015	351	65	35
999000079	18042	1015	351	65	35
999000079	18059	1015	351	65	35
999000079	18076	1015	351	65	35
999000079	18093	1015	351	65	35
999000079	18109	1015	351	65	35
999000079	18126	1015	351	65	35
999000079	18143	1015	351	65	35
999000079	18160	1015	351	65	35
999000079	18177	1015	351	65	35
999000079	18193	1015	351	65	35
999000079	18210	1015	351	65	35
999000079	18227	1015	351	65	35
999000079	18244	1015	351	65	35
999000079	18260	1015	351	65	35
999000079	18277	1015	351	65	35
999000079	18294	1015	351	65	35
999000079	18311	1015	351	65	35
999000079	18327	1015	351	65	35
999000079	18344	0	0	65	0
999000079	18361	0	0	65	0
999000079	18378	557	373	65	36
999000079	18394	557	373	65	36
999000079	18411	557	373	65	36
999000079	18428	557	373	65	36
999000079	18445	557	373	65	36
999000079	18462	557	373	65	36
999000079	18478	557	373	65	36
999000079	18495	557	373	65	36
999000079	18512	557	373	65	36
999000079	18529	557	373	65	36
999000079	18545	557	373	65	36
999000079	18562	557	373	65	36
999000079	18579	557	373	65	36
999000079	18596	557	373	65	36
999000079	18612	557	373	65	36
999000079	18629	557	373	65	36
999000079	18646	557	373	65	36
999000079	18663	557	373	65	36
999000079	18679	557	373	65	36
999000079	18696	557	373	65	36
999000079	18713	557	373	65	36
999000079	18730	557	373	65	36
999000079	18747	557	373	65	36
999000079	18763	557	373	65	36
999000079	18780	557	373	65	36
999000079	18797	557	373	65	36
999000079	18814	557	373	65	36
999000079	18830	557	373	65	36
999000079	18847	557	373	65	36
999000079	18864	557	373	65	36
999000079	18881	557	373	65	36
999000079	18898	557	373	65	36
999000079	18914	557	373	65	36
999000079	18931	557	373	65	36
999000079	18948	557	373	65	36
999000079	18965	557	373	65	36
999000079	18981	557	373	65	36
999000079	18998	557	373	65	36
999000079	19015	557	373	65	36
999000079	19032	557	373	65	36
999000079	19048	557	373	65	36
999000079	19065	557	373	65	36
999000079	19082	557	373	65	36
999000079	19099	557	373	65	36
999000079	19115	557	373	65	36
999000079	19132	557	373	65	36
999000079	19149	557	373	65	36
999000079	19166	557	373	65	36
999000079	19183	557	373	65	36
999000079	19199	557	373	65	36
999000079	19216	557	373	65	36
999000079	19233	557	373	65	36
999000079	19250	557	373	65	36
999000079	19266	557	373	65	36
999000079	19283	557	373	65	36
999000079	19300	557	373	65	36
999000079	19317	557	373	65	36
999000079	19333	557	373	65	36
999000079	19350	557	373	65	36
999000079	19367	557	373	65	36
999000079	19384	557	373	65	36
999000079	19401	557	373	65	36
999000079	19417	557	373	65	36
999000079	19434	557	373	65	36
999000079	19451	557	373	65	36
999000079	19468	557	373	65	36
999000079	19484	557	373	65	36
999000079	19501	557	373	65	36
999000079	19518	557	373	65	36
999000079	19535	557	373	65	36
999000079	19551	557	373	65	36
999000079	19568	557	373	65	36
999000079	19585	557	373	65	36
999000079	19602	557	373	65	36
999000079	19619	557	373	65	36
999000079	19635	557	373	65	36
999000079	19652	557	373	65	36
999000079	19669	557	373	65	36
999000079	19686	562	365	65	37
999000079	19702	562	365	65	37
999000079	19719	562	365	65	37
999000079	19736	562	365	65	37
999000079	19753	562	365	65	37
999000079	19769	562	365	65	37
999000079	19786	562	365	65	37
999000079	19803	562	365	65	37
999000079	19820	562	365	65	37
999000079	19837	562	365	65	37
999000079	19853	0	0	65	0
999000079	19870	0	0	65	0
999000079	19887	0	0	65	0
999000079	19904	0	0	65	0
999000079	19920	0	0	65	0
999000079	19937	0	0	65	0
999000079	19954	0	0	65	0
999000079	19971	0	0	65	0
999000079	19988	0	0	65	0
999000079	20004	0	0	65	0
999000079	20021	0	0	65	0
999000079	20038	0	0	65	0
999000079	20055	0	0	65	0
999000079	20071	571	371	65	38
999000079	20088	571	371	65	38
999000079	20105	571	371	65	38
999000079	20122	571	371	65	38
999000079	20139	571	371	65	38
999000079	20155	571	371	65	38
999000079	20172	571	371	65	38
999000079	20189	571	371	65	38
999000079	20206	571	371	65	38
999000079	20222	571	371	65	38
999000079	20239	571	371	65	38
999000079	20256	571	371	65	38
999000079	20272	571	371	65	38
999000079	20289	571	371	65	38
999000079	20306	571	371	65	38
999000079	20323	571	371	65	38
999000079	20340	571	371	65	38
999000079	20356	571	371	65	38
999000079	20373	571	371	65	38
999000079	20390	571	371	65	38
999000079	20407	571	371	65	38
999000079	20423	571	371	65	38
999000079	20440	571	371	65	38
999000079	20457	571	371	65	38
999000079	20474	571	371	65	38
999000079	20491	571	371	65	38
999000079	20507	571	371	65	38
999000079	20524	571	371	65	38
999000079	20541	571	371	65	38
999000079	20558	571	371	65	38
999000079	20574	571	371	65	38
999000079	20591	571	371	65	38
999000079	20608	571	371	65	38
999000079	20625	571	371	65	38
999000079	20641	571	371	65	38
999000079	20658	571	371	65	38
999000079	20675	571	371	65	38
999000079	20692	571	371	65	38
999000079	20708	571	371	65	38
999000079	20725	571	371	65	38
999000079	20742	571	371	65	38
999000079	20759	571	371	65	38
999000079	20776	571	371	65	38
999000079	20792	571	371	65	38
999000079	20809	571	371	65	38
999000079	20826	571	371	65	38
999000079	20843	571	371	65	38
999000079	20859	571	371	65	38
999000079	20876	571	371	65	38
999000079	20893	571	371	65	38
999000079	20910	571	371	65	38
999000079	20926	571	371	65	38
999000079	20943	571	371	65	38
999000079	20960	571	371	65	38
999000079	20977	571	371	65	38
999000079	20993	571	371	65	38
999000079	21010	571	371	65	38
999000079	21027	571	371	65	38
999000079	21044	571	371	65	38
999000079	21061	571	371	65	38
999000079	21077	571	371	65	38
999000079	21094	571	371	65	38
999000079	21111	571	371	65	38
999000079	21128	571	371	65	38
999000079	21144	571	371	65	38
999000079	21161	571	371	65	38
999000079	21178	571	371	65	38
999000079	21195	571	371	65	38
999000079	21211	571	371	65	38
999000079	21228	571	371	65	38
999000079	21245	571	371	65	38
999000079	21262	571	371	65	38
999000079	21278	571	371	65	38
999000079	21295	571	371	65	38
999000079	21312	571	371	65	38
999000079	21329	0	0	65	0
999000079	21346	0	0	65	0
999000079	21362	525	796	65	39
999000079	21379	525	796	65	39
999000079	21396	525	796	65	39
999000079	21413	525	796	65	39
999000079	21429	525	796	65	39
999000079	21446	525	796	65	39
999000079	21463	525	796	65	39
999000079	21480	525	796	65	39
999000079	21497	525	796	65	39
999000079	21513	525	796	65	39
999000079	21530	525	796	65	39
999000079	21547	525	796	65	39
999000079	21564	525	796	65	39
999000079	21580	525	796	65	39
999000079	21597	525	796	65	39
999000079	21614	525	796	65	39
999000079	21631	525	796	65	39
999000079	21647	525	796	65	39
999000079	21664	525	796	65	39
999000079	21681	525	796	65	39
999000079	21698	525	796	65	39
999000079	21714	525	796	65	39
999000079	21731	525	796	65	39
999000079	21748	525	796	65	39
999000079	21765	525	796	65	39
999000079	21782	525	796	65	39
999000079	21798	525	796	65	39
999000079	21815	525	796	65	39
999000079	21832	525	796	65	39
999000079	21849	525	796	65	39
999000079	21865	525	796	65	39
999000079	21882	525	796	65	39
999000079	21899	525	796	65	39
999000079	21916	0	0	65	0
999000079	21932	0	0	65	0
999000079	21949	0	0	65	0
999000079	21966	1167	1132	65	40
999000079	21983	1167	1132	65	40
999000079	21999	1167	1132	65	40
999000079	22016	1167	1132	65	40
999000079	22033	1167	1132	65	40
999000079	22050	1167	1132	65	40
999000079	22067	1167	1132	65	40
999000079	22083	1167	1132	65	40
999000079	22100	0	0	65	0
999000079	22117	0	0	65	0
999000079	22134	538	831	65	41
999000079	22150	538	831	65	41
999000079	22167	538	831	65	41
999000079	22184	538	831	65	41
999000079	22201	538	831	65	41
999000079	22218	538	831	65	41
999000079	22234	538	831	65	41
999000079	22251	538	831	65	41
999000079	22268	538	831	65	41
999000079	22285	538	831	65	41
999000079	22301	538	831	65	41
999000079	22318	538	831	65	41
999000079	22335	538	831	65	41
999000079	22352	538	831	65	41
999000079	22368	538	831	65	41
999000079	22385	538	831	65	41
999000079	22402	538	831	65	41
999000079	22419	538	831	65	41
999000079	22435	538	831	65	41
999000079	22452	538	831	65	41
999000079	22469	538	831	65	41
999000079	22486	538	831	65	41
999000079	22503	538	831	65	41
999000079	22519	538	831	65	41
999000079	22536	538	831	65	41
999000079	22553	538	831	65	41
999000079	22570	538	831	65	41
999000079	22586	538	831	65	41
999000079	22603	538	831	65	41
999000079	22620	538	831	65	41
999000079	22637	538	831	65	41
999000079	22654	538	831	65	41
999000079	22670	538	831	65	41
999000079	22687	538	831	65	41
999000079	22704	538	831	65	41
999000079	22721	538	831	65	41
999000079	22737	538	831	65	41
999000079	22754	538	831	65	41
999000079	22771	538	831	65	41
999000079	22788	538	831	65	41
999000079	22804	538	831	65	41
999000079	22821	538	831	65	41
999000079	22838	538	831	65	41
999000079	22855	538	831	65	41
999000079	22871	538	831	65	41
999000079	22888	538	831	65	41
999000079	22905	538	831	65	41
999000079	22922	538	831	65	41
999000079	22939	538	831	65	41
999000079	22955	538	831	65	41
999000079	22972	538	831	65	41
999000079	22989	538	831	65	41
999000079	23006	538	831	65	41
999000079	23022	538	831	65	41
999000079	23039	538	831	65	41
999000079	23056	538	831	65	41
999000079	23073	538	831	65	41
999000079	23090	538	831	65	41
999000079	23106	538	831	65	41
999000079	23123	538	831	65	41
999000079	23140	538	831	65	41
999000079	23157	538	831	65	41
999000079	23173	538	831	65	41
999000079	23190	538	831	65	41
999000079	23207	538	831	65	41
999000079	23224	538	831	65	41
999000079	23240	538	831	65	41
999000079	23257	538	831	65	41
999000079	23274	538	831	65	41
999000079	23291	538	831	65	41
999000079	23307	538	831	65	41
999000079	23324	538	831	65	41
999000079	23341	538	831	65	41
999000079	23358	538	831	65	41
999000079	23374	538	831	65	41
999000079	23391	538	831	65	41
999000079	23408	538	831	65	41
999000079	23425	538	831	65	41
999000079	23442	538	831	65	41
999000079	23458	538	831	65	41
999000079	23475	538	831	65	41
999000079	23492	538	831	65	41
999000079	23509	538	831	65	41
999000079	23525	538	831	65	41
999000079	23542	538	831	65	41
999000079	23559	538	831	65	41
999000079	23576	538	831	65	41
999000079	23592	538	831	65	41
999000079	23609	538	831	65	41
999000079	23626	538	831	65	41
999000079	23643	538	831	65	41
999000079	23660	538	831	65	41
999000079	23676	538	831	65	41
999000079	23693	538	831	65	41
999000079	23710	538	831	65	41
999000079	23727	538	831	65	41
999000079	23743	538	831	65	41
999000079	23760	538	831	65	41
999000079	23777	538	831	65	41
999000079	23794	538	831	65	41
999000079	23810	538	831	65	41
999000079	23827	538	831	65	41
999000079	23844	0	0	65	0
999000079	23861	0	0	65	0
999000079	23878	0	0	65	0
999000079	23894	0	0	65	0
999000079	23911	0	0	65	0
999000079	23928	0	0	65	0
999000079	23945	0	0	65	0
999000079	23961	0	0	65	0
999000079	23978	0	0	65	0
999000079	23995	556	781	65	42
999000079	24012	556	781	65	42
999000079	24029	556	781	65	42
999000079	24045	556	781	65	42
999000079	24062	556	781	65	42
999000079	24079	556	781	65	42
999000079	24096	556	781	65	42
999000079	24112	556	781	65	42
999000079	24129	556	781	65	42
999000079	24146	556	781	65	42
999000079	24163	556	781	65	42
999000079	24179	556	781	65	42
999000079	24196	556	781	65	42
999000079	24213	556	781	65	42
999000079	24230	556	781	65	42
999000079	24246	556	781	65	42
999000079	24263	556	781	65	42
999000079	24280	556	781	65	42
999000079	24297	556	781	65	42
999000079	24314	556	781	65	42
999000079	24330	556	781	65	42
999000079	24347	556	781	65	42
999000079	24364	0	0	65	0
999000079	24381	551	1198	65	43
999000079	24397	551	1198	65	43
999000079	24414	551	1198	65	43
999000079	24431	551	1198	65	43
999000079	24448	551	1198	65	43
999000079	24464	551	1198	65	43
999000079	24481	551	1198	65	43
999000079	24498	551	1198	65	43
999000079	24515	551	1198	65	43
999000079	24531	551	1198	65	43
999000079	24548	551	1198	65	43
999000079	24565	551	1198	65	43
999000079	24582	551	1198	65	43
999000079	24599	551	1198	65	43
999000079	24615	551	1198	65	43
999000079	24632	551	1198	65	43
999000079	24649	551	1198	65	43
999000079	24666	551	1198	65	43
999000079	24682	551	1198	65	43
999000079	24699	551	1198	65	43
999000079	24716	0	0	65	0
999000079	24733	0	0	65	0
999000079	24749	929	1315	65	44
999000079	24766	929	1315	65	44
999000079	24783	929	1315	65	44
999000079	24800	929	1315	65	44
999000079	24816	929	1315	65	44
999000079	24833	929	1315	65	44
999000079	24850	929	1315	65	44
999000079	24867	929	1315	65	44
999000079	24884	929	1315	65	44
999000079	24900	932	1322	65	45
999000079	24917	932	1322	65	45
999000079	24934	932	1322	65	45
999000079	24951	932	1322	65	45
999000079	24967	932	1322	65	45
999000079	24984	932	1322	65	45
999000079	25001	932	1322	65	45
999000079	25018	932	1322	65	45
999000079	25035	932	1322	65	45
999000079	25051	932	1322	65	45
999000079	25068	932	1322	65	45
999000079	25085	932	1322	65	45
999000079	25102	932	1322	65	45
999000079	25118	932	1322	65	45
999000079	25135	932	1322	65	45
999000079	25152	932	1322	65	45
999000079	25169	0	0	65	0
999000079	25185	0	0	65	0
999000079	25202	0	0	65	0
999000079	25219	0	0	65	0
999000079	25236	0	0	65	0
999000079	25252	0	0	65	0
999000079	25269	0	0	65	0
999000079	25286	0	0	65	0
999000079	25303	0	0	65	0
999000079	25320	0	0	65	0
999000079	25336	0	0	65	0
999000079	25353	0	0	65	0
999000079	25370	0	0	65	0
999000079	25387	0	0	65	0
999000079	25404	0	0	65	0
999000079	25420	568	1180	65	46
999000079	25437	568	1180	65	46
999000079	25454	568	1180	65	46
999000079	25471	568	1180	65	46
999000079	25487	568	1180	65	46
999000079	25504	568	1180	65	46
999000079	25521	568	1180	65	46
999000079	25538	568	1180	65	46
999000079	25554	568	1180	65	46
999000079	25571	568	1180	65	46
999000079	25588	568	1180	65	46
999000079	25605	568	1180	65	46
999000079	25621	568	1180	65	46
999000079	25638	568	1180	65	46
999000079	25655	568	1180	65	46
999000079	25672	568	1180	65	46
999000079	25688	568	1180	65	46
999000079	25705	568	1180	65	46
999000079	25722	568	1180	65	46
999000079	25739	568	1180	65	46
999000079	25755	568	1180	65	46
999000079	25772	568	1180	65	46
999000079	25789	568	1180	65	46
999000079	25806	568	1180	65	46
999000079	25823	568	1180	65	46
999000079	25839	568	1180	65	46
999000079	25856	568	1180	65	46
999000079	25873	568	1180	65	46
999000079	25890	568	1180	65	46
999000079	25906	568	1180	65	46
999000079	25923	568	1180	65	46
999000079	25940	568	1180	65	46
999000079	25957	568	1180	65	46
999000079	25973	568	1180	65	46
999000079	25990	568	1180	65	46
999000079	26007	576	1195	65	47
999000079	26024	576	1195	65	47
999000079	26041	576	1195	65	47
999000079	26057	576	1195	65	47
999000079	26074	576	1195	65	47
999000079	26091	576	1195	65	47
999000079	26108	576	1195	65	47
999000079	26124	576	1195	65	47
999000079	26141	576	1195	65	47
999000079	26158	576	1195	65	47
999000079	26175	576	1195	65	47
999000079	26191	576	1195	65	47
999000079	26208	576	1195	65	47
999000079	26225	576	1195	65	47
999000079	26242	576	1195	65	47
999000079	26259	576	1195	65	47
999000079	26275	576	1195	65	47
999000079	26292	576	1195	65	47
999000079	26309	576	1195	65	47
999000079	26326	576	1195	65	47
999000079	26342	576	1195	65	47
999000079	26359	576	1195	65	47
999000079	26376	576	1195	65	47
999000079	26393	576	1195	65	47
999000079	26409	576	1195	65	47
999000079	26426	576	1195	65	47
999000079	26443	576	1195	65	47
999000079	26460	576	1195	65	47
999000079	26477	576	1195	65	47
999000079	26493	576	1195	65	47
999000079	26510	576	1195	65	47
999000079	26527	0	0	65	0
999000079	26544	0	0	65	0
999000079	26560	0	0	65	0
999000079	26577	0	0	65	0
999000079	26594	1647	1195	65	48
999000079	26611	1647	1195	65	48
999000079	26627	1647	1195	65	48
999000079	26644	1647	1195	65	48
999000079	26661	1647	1195	65	48
999000079	26678	1647	1195	65	48
999000079	26695	1647	1195	65	48
999000079	26711	1647	1195	65	48
999000079	26728	1647	1195	65	48
999000079	26745	1647	1195	65	48
999000079	26762	1647	1195	65	48
999000079	26778	1647	1195	65	48
999000079	26795	1647	1195	65	48
999000079	26812	1647	1195	65	48
999000079	26829	0	0	65	0
999000079	26845	1777	1236	65	49
999000079	26862	1777	1236	65	49
999000079	26879	1777	1236	65	49
999000079	26896	1777	1236	65	49
999000079	26912	1777	1236	65	49
999000079	26929	1777	1236	65	49
999000079	26946	1777	1236	65	49
999000079	26963	1777	1236	65	49
999000079	26980	1777	1236	65	49
999000079	26996	1777	1236	65	49
999000079	27013	1777	1236	65	49
999000079	27030	1777	1236	65	49
999000079	27047	1777	1236	65	49
999000079	27063	1777	1236	65	49
