saccade number; onset time ms; amplitude degree; duration ms; onset coord X; onset coord Y; offset coord X; offset coord Y; [(coord_x, coord_y, sample_number); ...]
1; 6200.000000; 21.860527; 66.666667; 0.000000; 19.221834; 13.955578; 9.315834; (0.000000, 19.221834, 372); (15.337424, 3.644733, 373); (14.379705, 9.027920, 374); (14.337033, 9.040322, 375); (13.955578, 9.315834, 376)
2; 8400.000000; 19.305044; 50.000000; 0.000000; 19.221834; 10.585925; 3.958143; (0.000000, 19.221834, 504); (10.125981, 3.078014, 505); (10.486935, 3.780985, 506); (10.585925, 3.958143, 507)
3; 9883.333333; 23.119153; 83.333333; 0.000000; 19.221834; 3.175299; 2.868092; (0.000000, 19.221834, 593); (0.000000, 19.221834, 594); (3.585918, -3.617527, 595); (3.398863, 2.854895, 596); (3.356554, 3.283378, 597); (3.175299, 2.868092, 598)
4; 12366.666667; 7.592491; 50.000000; 7.120186; 8.441894; 3.676661; 2.681221; (7.120186, 8.441894, 742); (2.933741, 2.107891, 743); (3.393444, 2.852565, 744); (3.676661, 2.681221, 745)
5; 12716.666667; 19.405699; 66.666667; 0.000000; 19.221834; 3.075761; 3.297502; (0.000000, 19.221834, 763); (3.565223, 0.146448, 764); (2.466478, 2.770861, 765); (3.285774, 3.001004, 766); (3.075761, 3.297502, 767)
6; 13016.666667; 17.221476; 83.333333; 3.362043; 2.981842; 3.714763; 2.405777; (3.362043, 2.981842, 781); (0.000000, 19.221834, 782); (0.000000, 19.221834, 783); (3.468140, 2.800596, 784); (2.877085, 2.840768, 785); (3.714763, 2.405777, 786)
7; 13833.333333; 8.039224; 50.000000; 2.999161; 2.392012; 11.024834; 2.638851; (2.999161, 2.392012, 830); (10.838096, 2.336046, 831); (10.392380, 2.802616, 832); (11.024834, 2.638851, 833)
8; 14733.333333; 29.281667; 100.000000; 0.000000; 19.221834; 11.355934; 3.077543; (0.000000, 19.221834, 884); (0.000000, 19.221834, 885); (11.633755, -7.649559, 886); (10.437786, 1.959455, 887); (11.060693, 3.289195, 888); (11.233553, 3.439326, 889); (11.355934, 3.077543, 890)
9; 15450.000000; 1.296746; 50.000000; 3.273094; 5.786642; 3.530708; 6.623898; (3.273094, 5.786642, 927); (3.686497, 7.015726, 928); (3.625664, 5.985498, 929); (3.530708, 6.623898, 930)
10; 16850.000000; 6.751368; 50.000000; 4.119951; 6.654010; 7.296750; 12.058542; (4.119951, 6.654010, 1011); (7.837566, 11.881501, 1012); (7.416503, 12.289639, 1013); (7.296750, 12.058542, 1014)
11; 17200.000000; 12.373818; 66.666667; 8.206666; 11.720078; 0.000000; 19.221834; (8.206666, 11.720078, 1032); (9.504283, 11.298452, 1033); (0.000000, 19.221834, 1034); (0.000000, 19.221834, 1035); (0.000000, 19.221834, 1036)
12; 17250.000000; 13.270960; 83.333333; 0.000000; 19.221834; 8.577356; 12.222742; (0.000000, 19.221834, 1035); (0.000000, 19.221834, 1036); (8.343595, 9.095268, 1037); (8.362479, 12.013281, 1038); (8.492509, 12.596074, 1039); (8.577356, 12.222742, 1040)
13; 18850.000000; 20.998548; 66.666667; 13.901062; 5.701169; 0.000000; 19.221834; (13.901062, 5.701169, 1131); (14.625938, 4.154619, 1132); (0.000000, 19.221834, 1133); (0.000000, 19.221834, 1134); (0.000000, 19.221834, 1135)
14; 18900.000000; 22.113443; 83.333333; 0.000000; 19.221834; 13.303942; 5.998178; (0.000000, 19.221834, 1134); (0.000000, 19.221834, 1135); (11.587580, 1.790967, 1136); (13.224750, 6.273045, 1137); (13.607691, 6.084665, 1138); (13.303942, 5.998178, 1139)
15; 19866.666667; 8.114772; 50.000000; 13.672310; 5.443085; 6.562429; 2.725691; (13.672310, 5.443085, 1192); (6.909804, 2.974813, 1193); (6.026050, 2.896412, 1194); (6.562429, 2.725691, 1195)
16; 19966.666667; 1.239014; 50.000000; 6.171588; 2.561045; 6.803038; 2.289199; (6.171588, 2.561045, 1198); (7.306358, 2.209349, 1199); (6.699328, 2.706796, 1200); (6.803038, 2.289199, 1201)
17; 21750.000000; 16.061402; 66.666667; 0.000000; 19.221834; 10.524695; 9.355475; (0.000000, 19.221834, 1305); (10.270703, 7.293948, 1306); (10.701071, 9.469347, 1307); (10.756122, 9.537342, 1308); (10.524695, 9.355475, 1309)
18; 22850.000000; 22.534049; 100.000000; 11.338039; 9.037881; 15.014271; 3.227502; (11.338039, 9.037881, 1371); (11.619960, 7.400900, 1372); (14.526886, 2.418411, 1373); (0.000000, 19.221834, 1374); (14.467677, 3.496207, 1375); (14.931375, 3.348718, 1376); (15.014271, 3.227502, 1377)
19; 23266.666667; 24.537501; 100.000000; 0.000000; 19.221834; 15.123106; 2.888925; (0.000000, 19.221834, 1396); (0.000000, 19.221834, 1397); (13.105074, -0.101225, 1398); (0.000000, 19.221834, 1399); (14.873109, 2.868442, 1400); (15.089709, 3.030575, 1401); (15.123106, 2.888925, 1402)
20; 26566.666667; 25.616175; 66.666667; 15.096648; 2.726822; 0.000000; 19.221834; (15.096648, 2.726822, 1594); (16.004342, -0.779402, 1595); (0.000000, 19.221834, 1596); (0.000000, 19.221834, 1597); (0.000000, 19.221834, 1598)
21; 26650.000000; 23.562037; 50.000000; 0.000000; 19.221834; 15.137076; 2.269883; (0.000000, 19.221834, 1599); (15.467333, 1.447380, 1600); (14.979197, 2.225917, 1601); (15.137076, 2.269883, 1602)
22; 27366.666667; 6.253580; 50.000000; 15.032708; 2.501528; 9.260914; 3.484925; (15.032708, 2.501528, 1642); (9.781844, 3.032258, 1643); (8.856933, 2.996668, 1644); (9.260914, 3.484925, 1645)
23; 28033.333333; 24.014729; 66.666667; 0.000000; 19.221834; 8.661361; 3.022172; (0.000000, 19.221834, 1682); (6.909096, -3.062165, 1683); (8.951569, 3.213283, 1684); (8.442967, 3.010592, 1685); (8.661361, 3.022172, 1686)
24; 28850.000000; 6.182437; 66.666667; 8.636698; 2.623686; 14.745114; 2.050155; (8.636698, 2.623686, 1731); (10.374908, 2.771938, 1732); (14.333385, 1.818113, 1733); (14.270264, 2.503777, 1734); (14.745114, 2.050155, 1735)
25; 29433.333333; 23.982760; 83.333333; 0.000000; 19.221834; 14.771023; 2.989168; (0.000000, 19.221834, 1766); (0.000000, 19.221834, 1767); (13.610176, 0.535888, 1768); (14.859011, 2.487763, 1769); (15.033569, 2.520290, 1770); (14.771023, 2.989168, 1771)
26; 30366.666667; 6.205561; 50.000000; 14.917002; 2.516640; 17.383038; 7.760664; (14.917002, 2.516640, 1822); (17.204946, 7.593633, 1823); (17.332182, 8.211168, 1824); (17.383038, 7.760664, 1825)
27; 31866.666667; 7.607790; 66.666667; 17.721918; 10.739380; 12.712122; 16.013324; (17.721918, 10.739380, 1912); (15.193970, 15.818880, 1913); (12.781613, 16.464798, 1914); (12.849580, 15.978775, 1915); (12.712122, 16.013324, 1916)
28; 31966.666667; 1.865925; 50.000000; 12.250622; 16.598378; 11.821388; 18.162453; (12.250622, 16.598378, 1918); (12.838908, 17.873567, 1919); (11.953614, 18.036742, 1920); (11.821388, 18.162453, 1921)
29; 32216.666667; 1.303467; 50.000000; 12.002530; 16.425018; 12.567219; 16.919779; (12.002530, 16.425018, 1933); (12.066142, 17.599817, 1934); (12.114141, 16.612748, 1935); (12.567219, 16.919779, 1936)
30; 32283.333333; 1.582832; 50.000000; 12.642649; 16.577030; 11.680012; 16.197348; (12.642649, 16.577030, 1937); (12.612398, 15.320572, 1938); (12.426177, 15.796724, 1939); (11.680012, 16.197348, 1940)
31; 32433.333333; 13.463211; 50.000000; 0.000000; 19.221834; 13.028790; 16.022040; (0.000000, 19.221834, 1946); (11.861288, 15.829391, 1947); (12.706260, 15.927246, 1948); (13.028790, 16.022040, 1949)
32; 32516.666667; 1.223951; 50.000000; 12.635916; 15.306465; 12.490389; 15.760247; (12.635916, 15.306465, 1951); (12.701791, 16.485460, 1952); (12.373116, 15.790290, 1953); (12.490389, 15.760247, 1954)
33; 32833.333333; 12.834386; 116.666667; 12.318749; 16.608324; 0.000000; 19.221834; (12.318749, 16.608324, 1970); (12.452626, 17.862392, 1971); (11.472336, 17.801465, 1972); (12.073440, 16.114814, 1973); (12.094120, 17.557034, 1974); (0.000000, 19.221834, 1975); (0.000000, 19.221834, 1976); (0.000000, 19.221834, 1977)
34; 32966.666667; 12.998976; 50.000000; 0.000000; 19.221834; 12.044867; 14.819130; (0.000000, 19.221834, 1978); (11.606970, 14.545167, 1979); (12.128568, 15.066094, 1980); (12.044867, 14.819130, 1981)
35; 33100.000000; 1.323750; 50.000000; 11.612792; 15.547952; 11.459872; 15.459683; (11.612792, 15.547952, 1986); (11.792286, 14.266619, 1987); (11.568092, 15.371288, 1988); (11.459872, 15.459683, 1989)
36; 33383.333333; 9.087538; 66.666667; 11.445490; 16.597205; 20.051258; 14.343277; (11.445490, 16.597205, 2003); (17.328073, 15.094146, 2004); (19.993929, 13.677597, 2005); (19.792721, 14.556645, 2006); (20.051258, 14.343277, 2007)
37; 33666.666667; 1.505950; 50.000000; 20.780491; 14.980109; 20.855209; 14.005353; (20.780491, 14.980109, 2020); (20.377735, 13.605780, 2021); (20.239495, 14.174491, 2022); (20.855209, 14.005353, 2023)
38; 34866.666667; 8.720586; 66.666667; 20.696731; 13.850598; 13.724421; 9.908524; (20.696731, 13.850598, 2092); (14.940397, 11.548623, 2093); (13.835067, 9.605602, 2094); (13.079078, 9.992387, 2095); (13.724421, 9.908524, 2096)
39; 35333.333333; 18.410918; 66.666667; 13.927431; 9.682424; 0.000000; 19.221834; (13.927431, 9.682424, 2120); (14.490009, 7.863949, 2121); (0.000000, 19.221834, 2122); (0.000000, 19.221834, 2123); (0.000000, 19.221834, 2124)
40; 35383.333333; 19.124994; 83.333333; 0.000000; 19.221834; 13.704324; 10.083403; (0.000000, 19.221834, 2123); (0.000000, 19.221834, 2124); (14.336330, 6.563436, 2125); (13.482441, 9.693175, 2126); (13.881530, 10.418197, 2127); (13.704324, 10.083403, 2128)
41; 36383.333333; 7.707647; 66.666667; 14.029056; 9.705850; 8.558562; 4.276162; (14.029056, 9.705850, 2183); (9.632265, 6.294448, 2184); (8.658061, 4.671605, 2185); (8.918722, 4.451865, 2186); (8.558562, 4.276162, 2187)
42; 37233.333333; 17.781788; 66.666667; 0.000000; 19.221834; 8.069538; 5.173501; (0.000000, 19.221834, 2234); (7.549673, 3.491966, 2235); (8.292360, 4.969686, 2236); (8.254613, 5.124618, 2237); (8.069538, 5.173501, 2238)
43; 37866.666667; 5.458034; 66.666667; 8.942037; 4.705506; 13.810419; 2.314926; (8.942037, 4.705506, 2272); (12.782503, 3.408200, 2273); (13.848692, 2.579349, 2274); (13.819144, 2.484342, 2275); (13.810419, 2.314926, 2276)
44; 38366.666667; 27.833025; 100.000000; 0.000000; 19.221834; 14.796242; 2.305928; (0.000000, 19.221834, 2302); (0.000000, 19.221834, 2303); (13.928759, -4.352485, 2304); (14.106902, 1.242236, 2305); (14.403262, 3.165928, 2306); (14.159960, 2.293644, 2307); (14.796242, 2.305928, 2308)
45; 39216.666667; 28.661780; 66.666667; 14.521502; 2.488409; 0.000000; 19.221834; (14.521502, 2.488409, 2353); (16.136355, -4.466046, 2354); (0.000000, 19.221834, 2355); (0.000000, 19.221834, 2356); (0.000000, 19.221834, 2357)
46; 39266.666667; 24.518940; 83.333333; 0.000000; 19.221834; 14.228815; 2.405131; (0.000000, 19.221834, 2356); (0.000000, 19.221834, 2357); (13.316146, -0.678653, 2358); (14.168307, 2.550257, 2359); (14.323025, 2.134199, 2360); (14.228815, 2.405131, 2361)
47; 39400.000000; 8.214613; 50.000000; 14.237718; 2.784611; 10.503980; 9.000926; (14.237718, 2.784611, 2364); (11.149432, 9.913236, 2365); (10.436378, 10.066759, 2366); (10.503980, 9.000926, 2367)
48; 40866.666667; 6.681648; 66.666667; 10.700722; 9.220253; 4.149562; 8.518323; (10.700722, 9.220253, 2452); (6.020471, 8.660593, 2453); (4.507738, 7.906204, 2454); (4.302749, 8.615214, 2455); (4.149562, 8.518323, 2456)
49; 41333.333333; 13.350070; 83.333333; 0.000000; 19.221834; 4.020267; 8.423775; (0.000000, 19.221834, 2480); (0.000000, 19.221834, 2481); (3.997725, 6.621389, 2482); (4.410574, 8.379063, 2483); (4.103919, 8.498121, 2484); (4.020267, 8.423775, 2485)
50; 42100.000000; 1.176657; 50.000000; 3.248063; 8.740188; 3.924912; 8.237041; (3.248063, 8.740188, 2526); (4.247615, 8.119368, 2527); (3.671760, 8.292538, 2528); (3.924912, 8.237041, 2529)
